system:index,B11,B2,B3,B4,B8,SCL,.geo
0,76,435,418,212,178,6,"{""type"":""Point"",""coordinates"":[73.55891785342294,18.35102273228804]}"
1,76,452,432,215,191,6,"{""type"":""Point"",""coordinates"":[73.55901247441365,18.35102344790552]}"
2,76,447,423,225,198,6,"{""type"":""Point"",""coordinates"":[73.55910709540868,18.35102416347604]}"
3,275,714,743,576,710,2,"{""type"":""Point"",""coordinates"":[73.92208088222374,18.539041924724177]}"
4,284,744,751,571,711,2,"{""type"":""Point"",""coordinates"":[73.92217561948165,18.539042465301467]}"
5,284,724,757,571,716,2,"{""type"":""Point"",""coordinates"":[73.92227035674283,18.539043005831267]}"
6,266,730,747,582,721,2,"{""type"":""Point"",""coordinates"":[73.92236509400728,18.539043546313575]}"
7,266,742,761,582,726,2,"{""type"":""Point"",""coordinates"":[73.92245983127498,18.539044086748387]}"
8,272,710,763,572,721,2,"{""type"":""Point"",""coordinates"":[73.92255456854595,18.53904462713571]}"
9,272,710,770,563,704,2,"{""type"":""Point"",""coordinates"":[73.92264930582017,18.53904516747554]}"
10,271,719,763,558,702,2,"{""type"":""Point"",""coordinates"":[73.92274404309765,18.539045707767876]}"
11,277,716,752,575,695,2,"{""type"":""Point"",""coordinates"":[73.92208144897836,18.538951559494496]}"
12,286,729,762,570,698,2,"{""type"":""Point"",""coordinates"":[73.92217618618649,18.53895210006897]}"
13,286,725,766,581,720,2,"{""type"":""Point"",""coordinates"":[73.92227092339789,18.53895264059594]}"
14,276,731,746,583,720,2,"{""type"":""Point"",""coordinates"":[73.92236566061254,18.538953181075428]}"
15,276,752,774,592,733,2,"{""type"":""Point"",""coordinates"":[73.92246039783046,18.538953721507422]}"
16,293,760,789,593,746,2,"{""type"":""Point"",""coordinates"":[73.92255513505162,18.538954261891924]}"
17,293,730,769,582,739,2,"{""type"":""Point"",""coordinates"":[73.92264987227605,18.538954802228933]}"
18,281,739,775,560,733,2,"{""type"":""Point"",""coordinates"":[73.92274460950375,18.53895534251845]}"
19,277,720,747,572,689,2,"{""type"":""Point"",""coordinates"":[73.92208201572971,18.538861194263937]}"
20,286,731,742,562,711,2,"{""type"":""Point"",""coordinates"":[73.92217675288806,18.53886173483559]}"
21,286,741,759,573,727,2,"{""type"":""Point"",""coordinates"":[73.92227149004968,18.538862275359744]}"
22,276,757,776,576,712,2,"{""type"":""Point"",""coordinates"":[73.92236622721454,18.53886281583641]}"
23,276,760,772,593,709,2,"{""type"":""Point"",""coordinates"":[73.92246096438267,18.53886335626558]}"
24,293,760,794,593,737,2,"{""type"":""Point"",""coordinates"":[73.92255570155405,18.538863896647264]}"
25,293,757,777,589,756,2,"{""type"":""Point"",""coordinates"":[73.92265043872871,18.538864436981452]}"
26,281,757,781,579,737,2,"{""type"":""Point"",""coordinates"":[73.92274517590661,18.53886497726815]}"
27,266,730,750,565,691,6,"{""type"":""Point"",""coordinates"":[73.92208258247783,18.538770829032504]}"
28,275,736,735,566,697,6,"{""type"":""Point"",""coordinates"":[73.92217731958638,18.538771369601328]}"
29,275,743,750,570,713,6,"{""type"":""Point"",""coordinates"":[73.9222720566982,18.538771910122666]}"
30,279,755,771,576,708,6,"{""type"":""Point"",""coordinates"":[73.92236679381328,18.538772450596504]}"
31,279,736,771,590,714,6,"{""type"":""Point"",""coordinates"":[73.92246153093163,18.53877299102286]}"
32,288,768,791,585,743,6,"{""type"":""Point"",""coordinates"":[73.92255626805321,18.53877353140172]}"
33,288,758,783,592,760,6,"{""type"":""Point"",""coordinates"":[73.92265100517808,18.53877407173309]}"
34,264,758,791,581,735,6,"{""type"":""Point"",""coordinates"":[73.92274574230619,18.538774612016965]}"
35,266,721,730,565,696,6,"{""type"":""Point"",""coordinates"":[73.92208314922267,18.53868046380018]}"
36,275,728,735,576,699,6,"{""type"":""Point"",""coordinates"":[73.92217788628145,18.538681004366182]}"
37,275,734,729,581,706,6,"{""type"":""Point"",""coordinates"":[73.92227262334347,18.5386815448847]}"
38,279,730,766,573,718,6,"{""type"":""Point"",""coordinates"":[73.92236736040876,18.53868208535572]}"
39,279,747,778,577,731,6,"{""type"":""Point"",""coordinates"":[73.92246209747732,18.538682625779256]}"
40,288,750,788,584,736,6,"{""type"":""Point"",""coordinates"":[73.92255683454913,18.538683166155295]}"
41,288,740,786,587,748,6,"{""type"":""Point"",""coordinates"":[73.9226515716242,18.538683706483845]}"
42,264,766,796,592,741,6,"{""type"":""Point"",""coordinates"":[73.92274630870253,18.538684246764902]}"
43,367,559,567,422,610,2,"{""type"":""Point"",""coordinates"":[73.76675630379236,18.624750916863515]}"
44,367,587,553,432,649,2,"{""type"":""Point"",""coordinates"":[73.76685108320811,18.62475153808097]}"
45,367,565,554,423,634,2,"{""type"":""Point"",""coordinates"":[73.76675695542012,18.62466055742236]}"
46,367,573,567,413,647,2,"{""type"":""Point"",""coordinates"":[73.76685173478582,18.62466117863659]}"
47,462,680,770,597,680,3,"{""type"":""Point"",""coordinates"":[73.78642316597431,18.618191841362243]}"
48,359,703,819,643,696,3,"{""type"":""Point"",""coordinates"":[73.78651794245461,18.618192452466843]}"
49,462,699,824,671,670,3,"{""type"":""Point"",""coordinates"":[73.78642380696952,18.61810148119222]}"
50,359,717,835,688,730,3,"{""type"":""Point"",""coordinates"":[73.7865185833998,18.618102092293647]}"
51,374,599,701,535,531,2,"{""type"":""Point"",""coordinates"":[73.72511650270351,18.565104995997658]}"
52,374,614,708,539,551,2,"{""type"":""Point"",""coordinates"":[73.7252112476137,18.565105636207687]}"
53,514,614,723,550,578,2,"{""type"":""Point"",""coordinates"":[73.72530599252775,18.565106276370166]}"
54,514,608,723,541,580,2,"{""type"":""Point"",""coordinates"":[73.72540073744567,18.565106916485092]}"
55,321,589,681,506,589,2,"{""type"":""Point"",""coordinates"":[73.72511717401473,18.5650146374307]}"
56,321,608,712,530,563,2,"{""type"":""Point"",""coordinates"":[73.72521191887506,18.565015277637393]}"
57,290,611,717,532,579,2,"{""type"":""Point"",""coordinates"":[73.72530666373925,18.565015917796536]}"
58,290,608,720,531,570,2,"{""type"":""Point"",""coordinates"":[73.72540140860731,18.56501655790813]}"
59,50,380,374,171,99,6,"{""type"":""Point"",""coordinates"":[73.54730175848965,18.382198914517453]}"
60,49,370,371,169,97,6,"{""type"":""Point"",""coordinates"":[73.54739639598534,18.38219963708314]}"
61,49,378,368,165,97,6,"{""type"":""Point"",""coordinates"":[73.54749103348541,18.382200359601793]}"
62,50,359,362,164,94,6,"{""type"":""Point"",""coordinates"":[73.54758567098985,18.382201082073408]}"
63,49,358,358,161,91,6,"{""type"":""Point"",""coordinates"":[73.5473025153365,18.382108560921267]}"
64,50,382,348,156,94,6,"{""type"":""Point"",""coordinates"":[73.54739715278292,18.382109283483153]}"
65,50,382,348,165,95,6,"{""type"":""Point"",""coordinates"":[73.54749179023374,18.38211000599801]}"
66,51,338,349,169,86,6,"{""type"":""Point"",""coordinates"":[73.54758642768891,18.38211072846583]}"
67,62,409,383,188,114,6,"{""type"":""Point"",""coordinates"":[73.60980665013616,18.389081547415245]}"
68,62,384,377,172,110,6,"{""type"":""Point"",""coordinates"":[73.6099012939636,18.38908223914585]}"
69,61,403,391,191,113,6,"{""type"":""Point"",""coordinates"":[73.60999593779523,18.389082930829396]}"
70,62,394,386,176,112,6,"{""type"":""Point"",""coordinates"":[73.60980737471533,18.388991191425042]}"
71,62,399,404,175,110,6,"{""type"":""Point"",""coordinates"":[73.6099020184935,18.388991883152013]}"
72,61,373,396,196,112,6,"{""type"":""Point"",""coordinates"":[73.60999666227585,18.388992574831924]}"
73,136,447,506,304,294,2,"{""type"":""Point"",""coordinates"":[73.64369859588906,18.38815153496128]}"
74,136,468,498,307,301,2,"{""type"":""Point"",""coordinates"":[73.64379324055825,18.388152209797653]}"
75,139,468,533,302,309,2,"{""type"":""Point"",""coordinates"":[73.64388788523152,18.388152884586965]}"
76,131,433,521,306,298,2,"{""type"":""Point"",""coordinates"":[73.64369930276848,18.38806117767398]}"
77,131,449,497,296,294,2,"{""type"":""Point"",""coordinates"":[73.64379394738837,18.388061852506805]}"
78,140,461,515,296,298,2,"{""type"":""Point"",""coordinates"":[73.64388859201236,18.388062527292572]}"
79,66,391,392,198,106,6,"{""type"":""Point"",""coordinates"":[73.60973615361011,18.374261770788674]}"
80,66,395,375,192,105,6,"{""type"":""Point"",""coordinates"":[73.60983078934936,18.374262462017185]}"
81,64,393,395,200,98,6,"{""type"":""Point"",""coordinates"":[73.60992542509283,18.37426315319868]}"
82,64,385,397,194,105,6,"{""type"":""Point"",""coordinates"":[73.61002006084045,18.374263844333154]}"
83,58,412,388,186,104,6,"{""type"":""Point"",""coordinates"":[73.61011469659229,18.374264535420608]}"
84,66,391,382,199,108,6,"{""type"":""Point"",""coordinates"":[73.60973687760037,18.374171414660687]}"
85,66,382,378,183,105,6,"{""type"":""Point"",""coordinates"":[73.60983151329037,18.374172105885567]}"
86,64,396,388,201,100,6,"{""type"":""Point"",""coordinates"":[73.60992614898457,18.374172797063423]}"
87,64,404,393,200,105,6,"{""type"":""Point"",""coordinates"":[73.61002078468296,18.374173488194263]}"
88,58,416,399,205,98,6,"{""type"":""Point"",""coordinates"":[73.61011542038557,18.37417417927808]}"
89,63,427,409,186,108,6,"{""type"":""Point"",""coordinates"":[73.60973760158643,18.374081058531814]}"
90,63,399,395,173,104,6,"{""type"":""Point"",""coordinates"":[73.6098322372272,18.374081749753053]}"
91,61,407,382,197,100,6,"{""type"":""Point"",""coordinates"":[73.60992687287215,18.37408244092728]}"
92,61,404,381,196,104,6,"{""type"":""Point"",""coordinates"":[73.6100215085213,18.374083132054484]}"
93,65,394,387,203,100,6,"{""type"":""Point"",""coordinates"":[73.61011614417465,18.37408382313467]}"
94,382,758,869,653,625,6,"{""type"":""Point"",""coordinates"":[73.79808936285896,18.603537261722646]}"
95,830,763,883,670,690,6,"{""type"":""Point"",""coordinates"":[73.79818413163454,18.603537866494705]}"
96,341,731,850,650,603,6,"{""type"":""Point"",""coordinates"":[73.79808999715684,18.603446901022192]}"
97,375,760,849,661,642,6,"{""type"":""Point"",""coordinates"":[73.79818476588244,18.603447505791106]}"
98,341,744,827,650,603,6,"{""type"":""Point"",""coordinates"":[73.79809063145107,18.603356540320856]}"
99,375,759,838,641,645,6,"{""type"":""Point"",""coordinates"":[73.7981854001267,18.60335714508662]}"
100,194,517,564,374,496,2,"{""type"":""Point"",""coordinates"":[73.86647626304624,18.580917791797386]}"
101,193,521,558,386,496,2,"{""type"":""Point"",""coordinates"":[73.86657102163086,18.580918361494398]}"
102,193,503,569,394,494,2,"{""type"":""Point"",""coordinates"":[73.8666657802189,18.580918931143806]}"
103,212,495,567,383,499,2,"{""type"":""Point"",""coordinates"":[73.86676053881037,18.580919500745612]}"
104,212,545,570,393,497,2,"{""type"":""Point"",""coordinates"":[73.86685529740528,18.580920070299815]}"
105,317,521,574,374,539,2,"{""type"":""Point"",""coordinates"":[73.86695005600362,18.58092063980641]}"
106,194,526,570,374,490,2,"{""type"":""Point"",""coordinates"":[73.86647686047777,18.58082742866996]}"
107,193,527,567,375,482,2,"{""type"":""Point"",""coordinates"":[73.86657161901248,18.580827998364004]}"
108,193,514,566,384,477,2,"{""type"":""Point"",""coordinates"":[73.8666663775506,18.580828568010446]}"
109,212,532,550,396,482,2,"{""type"":""Point"",""coordinates"":[73.86676113609215,18.580829137609282]}"
110,212,549,579,389,481,2,"{""type"":""Point"",""coordinates"":[73.86685589463715,18.580829707160518]}"
111,317,521,566,372,482,2,"{""type"":""Point"",""coordinates"":[73.86695065318555,18.580830276664148]}"
112,190,516,560,369,487,2,"{""type"":""Point"",""coordinates"":[73.8664774579059,18.580737065541648]}"
113,192,535,564,369,477,2,"{""type"":""Point"",""coordinates"":[73.86657221639067,18.580737635232722]}"
114,192,530,561,377,462,2,"{""type"":""Point"",""coordinates"":[73.86666697487887,18.580738204876198]}"
115,204,521,574,384,462,2,"{""type"":""Point"",""coordinates"":[73.86676173337051,18.58073877447207]}"
116,204,534,564,385,473,2,"{""type"":""Point"",""coordinates"":[73.86685649186558,18.580739344020337]}"
117,198,531,557,385,487,2,"{""type"":""Point"",""coordinates"":[73.86695125036408,18.580739913521004]}"
118,190,514,544,359,489,2,"{""type"":""Point"",""coordinates"":[73.86647805533056,18.58064670241245]}"
119,192,513,559,376,484,2,"{""type"":""Point"",""coordinates"":[73.86657281376542,18.58064727210056]}"
120,192,506,554,378,458,2,"{""type"":""Point"",""coordinates"":[73.86666757220371,18.58064784174107]}"
121,204,507,548,368,455,2,"{""type"":""Point"",""coordinates"":[73.86676233064544,18.58064841133397]}"
122,204,542,536,378,463,2,"{""type"":""Point"",""coordinates"":[73.86685708909059,18.58064898087927]}"
123,204,513,541,361,504,2,"{""type"":""Point"",""coordinates"":[73.8664786527518,18.58055633928237]}"
124,205,508,550,381,490,2,"{""type"":""Point"",""coordinates"":[73.86657341113676,18.580556908967516]}"
125,205,528,562,379,461,2,"{""type"":""Point"",""coordinates"":[73.86666816952511,18.58055747860506]}"
126,206,522,568,388,460,2,"{""type"":""Point"",""coordinates"":[73.86676292791692,18.58055804819499]}"
127,206,503,560,371,465,2,"{""type"":""Point"",""coordinates"":[73.86685768631216,18.580558617737324]}"
128,204,525,547,383,511,2,"{""type"":""Point"",""coordinates"":[73.86647925016962,18.580465976151412]}"
129,205,508,557,383,501,2,"{""type"":""Point"",""coordinates"":[73.86657400850464,18.580466545833588]}"
130,205,530,550,373,473,2,"{""type"":""Point"",""coordinates"":[73.8666687668431,18.58046711546816]}"
131,206,528,544,381,475,2,"{""type"":""Point"",""coordinates"":[73.86676352518498,18.58046768505513]}"
132,206,497,547,368,472,2,"{""type"":""Point"",""coordinates"":[73.8668582835303,18.580468254594496]}"
133,218,576,624,427,593,2,"{""type"":""Point"",""coordinates"":[73.85031318790399,18.57476537630509]}"
134,218,575,620,429,600,2,"{""type"":""Point"",""coordinates"":[73.85040794255374,18.57476595394057]}"
135,234,579,621,434,581,2,"{""type"":""Point"",""coordinates"":[73.85050269720698,18.574766531528468]}"
136,234,567,633,426,577,2,"{""type"":""Point"",""coordinates"":[73.8505974518637,18.574767109068777]}"
137,213,612,631,435,572,2,"{""type"":""Point"",""coordinates"":[73.85069220652392,18.5747676865615]}"
138,213,598,625,433,566,2,"{""type"":""Point"",""coordinates"":[73.85078696118758,18.57476826400664]}"
139,208,590,638,436,556,2,"{""type"":""Point"",""coordinates"":[73.85088171585474,18.574768841404193]}"
140,218,544,626,429,580,2,"{""type"":""Point"",""coordinates"":[73.85031379363798,18.57467501362953]}"
141,218,560,640,437,574,2,"{""type"":""Point"",""coordinates"":[73.85040854823784,18.574675591262]}"
142,210,582,640,427,572,2,"{""type"":""Point"",""coordinates"":[73.85050330284119,18.574676168846885]}"
143,210,570,634,430,557,2,"{""type"":""Point"",""coordinates"":[73.85059805744801,18.57467674638419]}"
144,207,581,630,437,552,2,"{""type"":""Point"",""coordinates"":[73.85069281205833,18.574677323873903]}"
145,207,611,633,432,551,2,"{""type"":""Point"",""coordinates"":[73.8507875666721,18.57467790131603]}"
146,214,596,636,428,561,2,"{""type"":""Point"",""coordinates"":[73.85088232128936,18.574678478710574]}"
147,218,566,623,431,582,2,"{""type"":""Point"",""coordinates"":[73.85031439936849,18.57458465095308]}"
148,218,583,619,432,576,2,"{""type"":""Point"",""coordinates"":[73.85040915391846,18.574585228582542]}"
149,210,585,634,432,579,2,"{""type"":""Point"",""coordinates"":[73.85050390847191,18.574585806164418]}"
150,210,576,616,436,573,2,"{""type"":""Point"",""coordinates"":[73.85059866302883,18.57458638369871]}"
151,207,617,628,439,558,2,"{""type"":""Point"",""coordinates"":[73.85069341758924,18.574586961185418]}"
152,207,601,631,424,554,2,"{""type"":""Point"",""coordinates"":[73.85078817215313,18.574587538624538]}"
153,214,609,648,433,562,2,"{""type"":""Point"",""coordinates"":[73.8508829267205,18.574588116016074]}"
154,212,580,629,433,586,2,"{""type"":""Point"",""coordinates"":[73.85031500509552,18.574494288275748]}"
155,212,604,623,436,581,2,"{""type"":""Point"",""coordinates"":[73.85040975959559,18.574494865902203]}"
156,186,590,634,437,586,2,"{""type"":""Point"",""coordinates"":[73.85050451409914,18.57449544348107]}"
157,186,596,623,439,589,2,"{""type"":""Point"",""coordinates"":[73.85059926860617,18.57449602101235]}"
158,195,618,647,439,574,2,"{""type"":""Point"",""coordinates"":[73.85069402311669,18.574496598496047]}"
159,195,596,635,419,555,2,"{""type"":""Point"",""coordinates"":[73.85078877763068,18.574497175932162]}"
160,209,626,651,433,559,2,"{""type"":""Point"",""coordinates"":[73.85088353214815,18.57449775332069]}"
161,212,598,643,435,584,2,"{""type"":""Point"",""coordinates"":[73.85031561081908,18.574403925597533]}"
162,212,614,653,438,573,2,"{""type"":""Point"",""coordinates"":[73.85041036526925,18.574404503220975]}"
163,186,612,665,439,583,2,"{""type"":""Point"",""coordinates"":[73.85050511972291,18.574405080796833]}"
164,186,608,661,441,599,2,"{""type"":""Point"",""coordinates"":[73.85059987418003,18.5744056583251]}"
165,195,615,669,442,581,2,"{""type"":""Point"",""coordinates"":[73.85069462864067,18.574406235805796]}"
166,195,613,634,448,560,2,"{""type"":""Point"",""coordinates"":[73.85078938310475,18.574406813238895]}"
167,209,633,640,465,573,2,"{""type"":""Point"",""coordinates"":[73.85088413757231,18.57440739062442]}"
168,367,657,646,505,532,2,"{""type"":""Point"",""coordinates"":[73.83193823677493,18.573568069842818]}"
169,367,642,672,509,517,2,"{""type"":""Point"",""coordinates"":[73.8320329901453,18.57356865667311]}"
170,296,656,689,517,499,2,"{""type"":""Point"",""coordinates"":[73.83212774351918,18.573569243455825]}"
171,296,661,678,516,496,2,"{""type"":""Point"",""coordinates"":[73.8322224968966,18.57356983019096]}"
172,273,642,660,486,474,2,"{""type"":""Point"",""coordinates"":[73.83231725027757,18.57357041687851]}"
173,273,652,672,488,482,2,"{""type"":""Point"",""coordinates"":[73.83241200366207,18.573571003518477]}"
174,244,670,690,519,477,6,"{""type"":""Point"",""coordinates"":[73.8325067570501,18.573571590110866]}"
175,244,680,685,528,496,6,"{""type"":""Point"",""coordinates"":[73.83260151044166,18.573572176655674]}"
176,232,624,646,495,499,6,"{""type"":""Point"",""coordinates"":[73.83193885214625,18.573477707745212]}"
177,232,648,635,500,500,6,"{""type"":""Point"",""coordinates"":[73.83203360546672,18.57347829457245]}"
178,223,678,661,512,499,6,"{""type"":""Point"",""coordinates"":[73.8321283587907,18.573478881352106]}"
179,223,661,687,498,490,6,"{""type"":""Point"",""coordinates"":[73.83222311211824,18.57347946808418]}"
180,222,645,662,483,488,6,"{""type"":""Point"",""coordinates"":[73.83231786544931,18.573480054768677]}"
181,222,627,673,482,478,6,"{""type"":""Point"",""coordinates"":[73.83241261878392,18.573480641405585]}"
182,241,625,686,493,482,6,"{""type"":""Point"",""coordinates"":[73.83250737212205,18.573481227994918]}"
183,241,645,672,505,509,6,"{""type"":""Point"",""coordinates"":[73.83260212546372,18.573481814536667]}"
184,232,633,652,495,489,6,"{""type"":""Point"",""coordinates"":[73.83193946751402,18.57338734564672]}"
185,232,644,642,496,483,6,"{""type"":""Point"",""coordinates"":[73.83203422078458,18.5733879324709]}"
186,223,642,637,493,477,6,"{""type"":""Point"",""coordinates"":[73.83212897405869,18.5733885192475]}"
187,223,647,651,493,461,6,"{""type"":""Point"",""coordinates"":[73.83222372733633,18.573389105976517]}"
188,222,637,648,496,472,6,"{""type"":""Point"",""coordinates"":[73.83231848061752,18.573389692657955]}"
189,222,616,622,473,465,6,"{""type"":""Point"",""coordinates"":[73.83241323390223,18.57339027929181]}"
190,241,645,655,490,485,6,"{""type"":""Point"",""coordinates"":[73.83250798719047,18.573390865878086]}"
191,241,644,664,499,519,6,"{""type"":""Point"",""coordinates"":[73.83260274048226,18.57339145241678]}"
192,219,648,633,477,473,6,"{""type"":""Point"",""coordinates"":[73.83194008287825,18.57329698354735]}"
193,219,653,647,484,476,6,"{""type"":""Point"",""coordinates"":[73.83203483609893,18.573297570368467]}"
194,217,629,631,479,467,6,"{""type"":""Point"",""coordinates"":[73.83212958932315,18.573298157142013]}"
195,217,637,634,477,447,6,"{""type"":""Point"",""coordinates"":[73.83222434255089,18.573298743867973]}"
196,203,613,654,476,458,6,"{""type"":""Point"",""coordinates"":[73.83231909578218,18.57329933054635]}"
197,203,622,673,465,466,6,"{""type"":""Point"",""coordinates"":[73.83241384901702,18.573299917177152]}"
198,230,645,652,494,485,6,"{""type"":""Point"",""coordinates"":[73.83250860225536,18.57330050376037]}"
199,230,626,647,482,505,6,"{""type"":""Point"",""coordinates"":[73.83260335549727,18.573301090296006]}"
200,219,631,630,469,452,6,"{""type"":""Point"",""coordinates"":[73.83194069823894,18.573206621447092]}"
201,219,641,648,466,447,6,"{""type"":""Point"",""coordinates"":[73.83203545140974,18.573207208265156]}"
202,217,627,644,460,452,6,"{""type"":""Point"",""coordinates"":[73.83213020458405,18.57320779503564]}"
203,217,608,650,452,444,6,"{""type"":""Point"",""coordinates"":[73.83222495776192,18.573208381758544]}"
204,203,619,650,444,450,6,"{""type"":""Point"",""coordinates"":[73.83231971094332,18.573208968433867]}"
205,203,616,649,461,465,6,"{""type"":""Point"",""coordinates"":[73.83241446412825,18.57320955506161]}"
206,230,621,645,489,489,6,"{""type"":""Point"",""coordinates"":[73.83250921731671,18.573210141641773]}"
207,230,646,650,482,502,6,"{""type"":""Point"",""coordinates"":[73.83260397050871,18.573210728174352]}"
208,196,614,628,468,451,6,"{""type"":""Point"",""coordinates"":[73.8319413135961,18.57311625934595]}"
209,196,642,642,458,454,6,"{""type"":""Point"",""coordinates"":[73.832036066717,18.573116846160957]}"
210,209,609,647,454,454,6,"{""type"":""Point"",""coordinates"":[73.83213081984144,18.573117432928385]}"
211,209,593,650,457,451,6,"{""type"":""Point"",""coordinates"":[73.8322255729694,18.57311801964823]}"
212,232,636,649,461,464,6,"{""type"":""Point"",""coordinates"":[73.83232032610091,18.573118606320495]}"
213,232,605,642,466,456,6,"{""type"":""Point"",""coordinates"":[73.83241507923596,18.57311919294518]}"
214,232,590,638,486,492,6,"{""type"":""Point"",""coordinates"":[73.83250983237454,18.573119779522287]}"
215,232,620,651,488,517,6,"{""type"":""Point"",""coordinates"":[73.83260458551665,18.57312036605181]}"
216,62,347,337,173,88,6,"{""type"":""Point"",""coordinates"":[73.39967178095864,18.62569119673499]}"
217,65,350,345,178,77,6,"{""type"":""Point"",""coordinates"":[73.3997665457969,18.625692002867044]}"
218,65,330,347,162,90,6,"{""type"":""Point"",""coordinates"":[73.39986131063999,18.625692808951406]}"
219,72,339,350,152,83,6,"{""type"":""Point"",""coordinates"":[73.39995607548792,18.625693614988077]}"
220,72,334,350,175,82,6,"{""type"":""Point"",""coordinates"":[73.40005084034073,18.625694420977055]}"
221,62,322,365,167,90,6,"{""type"":""Point"",""coordinates"":[73.40014560519836,18.625695226918342]}"
222,69,354,351,185,103,6,"{""type"":""Point"",""coordinates"":[73.39967262655033,18.625600851697754]}"
223,71,357,351,174,78,6,"{""type"":""Point"",""coordinates"":[73.39976739133856,18.62560165782562]}"
224,71,335,342,162,77,6,"{""type"":""Point"",""coordinates"":[73.39986215613165,18.625602463905793]}"
225,66,332,348,162,71,6,"{""type"":""Point"",""coordinates"":[73.39995692092957,18.625603269938274]}"
226,66,333,350,168,77,6,"{""type"":""Point"",""coordinates"":[73.40005168573234,18.625604075923064]}"
227,81,317,354,166,85,6,"{""type"":""Point"",""coordinates"":[73.40014645053995,18.625604881860163]}"
228,69,361,336,168,87,6,"{""type"":""Point"",""coordinates"":[73.39967347213718,18.625510506659616]}"
229,71,341,335,163,80,6,"{""type"":""Point"",""coordinates"":[73.39976823687539,18.62551131278329]}"
230,71,353,334,169,80,6,"{""type"":""Point"",""coordinates"":[73.39986300161844,18.625512118859273]}"
231,66,344,354,169,75,6,"{""type"":""Point"",""coordinates"":[73.39995776636634,18.625512924887566]}"
232,66,340,357,176,79,6,"{""type"":""Point"",""coordinates"":[73.4000525311191,18.625513730868168]}"
233,81,330,329,181,89,6,"{""type"":""Point"",""coordinates"":[73.40014729587669,18.625514536801077]}"
234,69,330,357,169,76,6,"{""type"":""Point"",""coordinates"":[73.39967431771917,18.62542016162057]}"
235,65,328,348,163,78,6,"{""type"":""Point"",""coordinates"":[73.39976908240735,18.625420967740055]}"
236,65,367,339,162,87,6,"{""type"":""Point"",""coordinates"":[73.39986384710039,18.62542177381185]}"
237,70,314,339,166,89,6,"{""type"":""Point"",""coordinates"":[73.39995861179827,18.625422579835952]}"
238,70,332,341,167,84,6,"{""type"":""Point"",""coordinates"":[73.400053376501,18.625423385812365]}"
239,74,330,339,175,88,6,"{""type"":""Point"",""coordinates"":[73.40014814120859,18.625424191741086]}"
240,69,332,355,183,73,6,"{""type"":""Point"",""coordinates"":[73.39967516329631,18.625329816580624]}"
241,65,330,351,168,76,6,"{""type"":""Point"",""coordinates"":[73.39976992793449,18.62533062269592]}"
242,65,345,352,163,82,6,"{""type"":""Point"",""coordinates"":[73.3998646925775,18.625331428763527]}"
243,70,330,336,172,85,6,"{""type"":""Point"",""coordinates"":[73.39995945722536,18.62533223478344]}"
244,70,323,357,166,89,6,"{""type"":""Point"",""coordinates"":[73.40005422187808,18.625333040755663]}"
245,74,324,365,165,90,6,"{""type"":""Point"",""coordinates"":[73.40014898653564,18.6253338466802]}"
246,54,346,342,163,120,6,"{""type"":""Point"",""coordinates"":[73.43270744017191,18.55757158813322]}"
247,53,348,336,175,117,6,"{""type"":""Point"",""coordinates"":[73.43280216886544,18.557572374848036]}"
248,53,347,353,170,116,6,"{""type"":""Point"",""coordinates"":[73.4328968975637,18.557573161515347]}"
249,53,372,346,166,122,6,"{""type"":""Point"",""coordinates"":[73.4329916262667,18.557573948135147]}"
250,53,382,350,174,115,6,"{""type"":""Point"",""coordinates"":[73.43308635497445,18.55757473470744]}"
251,53,359,353,168,113,6,"{""type"":""Point"",""coordinates"":[73.43318108368693,18.557575521232224]}"
252,54,348,351,174,118,6,"{""type"":""Point"",""coordinates"":[73.43270826506247,18.55748124099581]}"
253,53,355,350,163,117,6,"{""type"":""Point"",""coordinates"":[73.43280299370619,18.557482027706524]}"
254,53,377,355,171,119,6,"{""type"":""Point"",""coordinates"":[73.43289772235464,18.557482814369727]}"
255,53,377,334,165,121,6,"{""type"":""Point"",""coordinates"":[73.43299245100785,18.557483600985428]}"
256,53,377,366,159,121,6,"{""type"":""Point"",""coordinates"":[73.43308717966578,18.55748438755362]}"
257,53,340,341,164,119,6,"{""type"":""Point"",""coordinates"":[73.43318190832846,18.55748517407431]}"
258,52,358,347,179,120,6,"{""type"":""Point"",""coordinates"":[73.4327090899483,18.557390893857498]}"
259,52,316,364,182,115,6,"{""type"":""Point"",""coordinates"":[73.4328038185422,18.55739168056411]}"
260,52,355,341,171,121,6,"{""type"":""Point"",""coordinates"":[73.43289854714085,18.557392467223213]}"
261,54,373,355,163,119,6,"{""type"":""Point"",""coordinates"":[73.43299327574424,18.557393253834817]}"
262,54,358,360,170,109,6,"{""type"":""Point"",""coordinates"":[73.43308800435237,18.557394040398908]}"
263,53,362,345,172,117,6,"{""type"":""Point"",""coordinates"":[73.43318273296524,18.55739482691549]}"
264,52,366,347,166,122,6,"{""type"":""Point"",""coordinates"":[73.43270991482937,18.55730054671829]}"
265,52,359,347,174,123,6,"{""type"":""Point"",""coordinates"":[73.43280464337347,18.5573013334208]}"
266,52,347,349,165,119,6,"{""type"":""Point"",""coordinates"":[73.43289937192232,18.557302120075803]}"
267,54,355,350,165,117,6,"{""type"":""Point"",""coordinates"":[73.4329941004759,18.5573029066833]}"
268,54,355,336,174,115,6,"{""type"":""Point"",""coordinates"":[73.43308882903422,18.557303693243295]}"
269,53,361,353,167,119,6,"{""type"":""Point"",""coordinates"":[73.43318355759729,18.55730447975578]}"
270,137,607,578,397,295,6,"{""type"":""Point"",""coordinates"":[73.76421997360993,18.437047211247943]}"
271,136,597,587,393,290,6,"{""type"":""Point"",""coordinates"":[73.76431464953878,18.437047827700727]}"
272,136,598,589,401,292,6,"{""type"":""Point"",""coordinates"":[73.76440932547132,18.437048444106303]}"
273,141,591,590,387,291,6,"{""type"":""Point"",""coordinates"":[73.76450400140762,18.43704906046468]}"
274,141,604,581,415,288,6,"{""type"":""Point"",""coordinates"":[73.76459867734764,18.437049676775853]}"
275,138,601,581,401,286,6,"{""type"":""Point"",""coordinates"":[73.76469335329138,18.437050293039825]}"
276,138,604,598,396,288,6,"{""type"":""Point"",""coordinates"":[73.76478802923887,18.43705090925659]}"
277,141,582,596,404,288,6,"{""type"":""Point"",""coordinates"":[73.76488270519008,18.437051525426156]}"
278,141,617,583,401,289,6,"{""type"":""Point"",""coordinates"":[73.76497738114502,18.43705214154852]}"
279,140,616,589,404,281,6,"{""type"":""Point"",""coordinates"":[73.7650720571037,18.43705275762368]}"
280,140,594,597,390,283,6,"{""type"":""Point"",""coordinates"":[73.76516673306607,18.437053373651636]}"
281,137,609,580,396,285,6,"{""type"":""Point"",""coordinates"":[73.7652614090322,18.437053989632393]}"
282,137,597,583,392,286,6,"{""type"":""Point"",""coordinates"":[73.76535608500205,18.437054605565947]}"
283,130,612,555,395,293,6,"{""type"":""Point"",""coordinates"":[73.76422061952144,18.436956850101264]}"
284,133,597,584,399,291,6,"{""type"":""Point"",""coordinates"":[73.7643152954008,18.436957466550812]}"
285,133,621,587,405,292,6,"{""type"":""Point"",""coordinates"":[73.76440997128392,18.436958082953158]}"
286,138,590,581,407,289,6,"{""type"":""Point"",""coordinates"":[73.76450464717075,18.436958699308303]}"
287,138,582,594,400,284,6,"{""type"":""Point"",""coordinates"":[73.76459932306133,18.436959315616242]}"
288,134,607,584,397,283,6,"{""type"":""Point"",""coordinates"":[73.76469399895562,18.436959931876984]}"
289,134,591,594,392,285,6,"{""type"":""Point"",""coordinates"":[73.76478867485366,18.436960548090518]}"
290,141,601,594,390,282,6,"{""type"":""Point"",""coordinates"":[73.76488335075541,18.436961164256854]}"
291,141,591,591,394,281,6,"{""type"":""Point"",""coordinates"":[73.7649780266609,18.436961780375984]}"
292,135,604,561,388,282,6,"{""type"":""Point"",""coordinates"":[73.76507270257011,18.436962396447914]}"
293,135,590,576,398,281,6,"{""type"":""Point"",""coordinates"":[73.76516737848304,18.436963012472642]}"
294,135,591,586,386,281,6,"{""type"":""Point"",""coordinates"":[73.76526205439971,18.436963628450165]}"
295,135,597,589,391,280,6,"{""type"":""Point"",""coordinates"":[73.76535673032011,18.43696424438049]}"
296,129,616,593,386,280,6,"{""type"":""Point"",""coordinates"":[73.76545140624422,18.436964860263608]}"
297,129,613,583,392,282,6,"{""type"":""Point"",""coordinates"":[73.76554608217208,18.436965476099523]}"
298,138,597,567,393,283,6,"{""type"":""Point"",""coordinates"":[73.76564075810366,18.43696609188824]}"
299,138,620,589,395,284,6,"{""type"":""Point"",""coordinates"":[73.76573543403896,18.436966707629754]}"
300,128,611,597,395,284,6,"{""type"":""Point"",""coordinates"":[73.76583010997798,18.436967323324062]}"
301,128,593,576,400,285,6,"{""type"":""Point"",""coordinates"":[73.76592478592075,18.436967938971172]}"
302,134,593,590,390,285,6,"{""type"":""Point"",""coordinates"":[73.76601946186723,18.436968554571074]}"
303,134,619,582,380,285,6,"{""type"":""Point"",""coordinates"":[73.76611413781744,18.436969170123778]}"
304,135,597,596,378,285,6,"{""type"":""Point"",""coordinates"":[73.76620881377137,18.436969785629277]}"
305,135,597,582,385,284,6,"{""type"":""Point"",""coordinates"":[73.76630348972903,18.436970401087574]}"
306,138,565,576,392,285,6,"{""type"":""Point"",""coordinates"":[73.76639816569042,18.436971016498667]}"
307,138,588,585,392,283,6,"{""type"":""Point"",""coordinates"":[73.7664928416555,18.436971631862562]}"
308,130,613,585,397,290,6,"{""type"":""Point"",""coordinates"":[73.76422126542923,18.436866488953708]}"
309,133,618,579,402,285,6,"{""type"":""Point"",""coordinates"":[73.76431594125914,18.436867105400026]}"
310,133,624,588,405,285,6,"{""type"":""Point"",""coordinates"":[73.76441061709279,18.43686772179914]}"
311,138,612,602,407,285,6,"{""type"":""Point"",""coordinates"":[73.76450529293018,18.43686833815105]}"
312,138,601,599,398,285,6,"{""type"":""Point"",""coordinates"":[73.7645999687713,18.43686895445576]}"
313,134,590,574,398,282,6,"{""type"":""Point"",""coordinates"":[73.76469464461614,18.436869570713267]}"
314,134,588,602,381,283,6,"{""type"":""Point"",""coordinates"":[73.76478932046471,18.436870186923574]}"
315,141,629,584,381,284,6,"{""type"":""Point"",""coordinates"":[73.76488399631701,18.436870803086677]}"
316,141,571,589,388,280,6,"{""type"":""Point"",""coordinates"":[73.76497867217303,18.43687141920258]}"
317,135,597,581,386,279,6,"{""type"":""Point"",""coordinates"":[73.7650733480328,18.436872035271275]}"
318,135,607,574,388,280,6,"{""type"":""Point"",""coordinates"":[73.7651680238963,18.43687265129277]}"
319,135,607,583,385,282,6,"{""type"":""Point"",""coordinates"":[73.7652626997635,18.436873267267067]}"
320,135,604,583,412,282,6,"{""type"":""Point"",""coordinates"":[73.76535737563445,18.436873883194163]}"
321,129,598,588,407,281,6,"{""type"":""Point"",""coordinates"":[73.7654520515091,18.43687449907405]}"
322,129,607,588,401,281,6,"{""type"":""Point"",""coordinates"":[73.76554672738752,18.436875114906737]}"
323,138,597,580,393,280,6,"{""type"":""Point"",""coordinates"":[73.76564140326963,18.436875730692226]}"
324,138,597,590,388,280,6,"{""type"":""Point"",""coordinates"":[73.76573607915549,18.43687634643051]}"
325,128,594,577,393,279,6,"{""type"":""Point"",""coordinates"":[73.76583075504506,18.436876962121588]}"
326,128,590,573,393,279,6,"{""type"":""Point"",""coordinates"":[73.76592543093835,18.436877577765465]}"
327,134,586,589,400,279,6,"{""type"":""Point"",""coordinates"":[73.76602010683538,18.436878193362144]}"
328,134,593,572,393,282,6,"{""type"":""Point"",""coordinates"":[73.76611478273615,18.43687880891162]}"
329,135,597,592,387,283,6,"{""type"":""Point"",""coordinates"":[73.76620945864062,18.436879424413892]}"
330,135,573,592,384,284,6,"{""type"":""Point"",""coordinates"":[73.76630413454882,18.43688003986896]}"
331,138,589,599,384,286,6,"{""type"":""Point"",""coordinates"":[73.76639881046076,18.436880655276827]}"
332,138,602,605,391,285,6,"{""type"":""Point"",""coordinates"":[73.76649348637639,18.436881270637496]}"
333,130,614,585,400,286,6,"{""type"":""Point"",""coordinates"":[73.76422191133327,18.436776127805274]}"
334,132,595,563,405,286,6,"{""type"":""Point"",""coordinates"":[73.76431658711374,18.436776744248355]}"
335,132,595,579,407,284,6,"{""type"":""Point"",""coordinates"":[73.76441126289794,18.436777360644236]}"
336,134,598,577,410,288,6,"{""type"":""Point"",""coordinates"":[73.76450593868587,18.436777976992918]}"
337,134,592,592,413,282,6,"{""type"":""Point"",""coordinates"":[73.76460061447753,18.436778593294395]}"
338,137,583,576,387,277,6,"{""type"":""Point"",""coordinates"":[73.76469529027293,18.436779209548668]}"
339,137,598,578,382,276,6,"{""type"":""Point"",""coordinates"":[73.76478996607203,18.436779825755746]}"
340,136,591,587,389,277,6,"{""type"":""Point"",""coordinates"":[73.76488464187489,18.436780441915616]}"
341,136,588,563,390,276,6,"{""type"":""Point"",""coordinates"":[73.76497931768147,18.436781058028288]}"
342,136,578,574,389,276,6,"{""type"":""Point"",""coordinates"":[73.76507399349175,18.436781674093755]}"
343,136,572,578,379,275,6,"{""type"":""Point"",""coordinates"":[73.7651686693058,18.43678229011202]}"
344,131,572,565,393,275,6,"{""type"":""Point"",""coordinates"":[73.76526334512356,18.436782906083085]}"
345,131,582,572,394,276,6,"{""type"":""Point"",""coordinates"":[73.76535802094506,18.436783522006948]}"
346,131,597,579,379,275,6,"{""type"":""Point"",""coordinates"":[73.76545269677027,18.436784137883606]}"
347,131,594,597,396,277,6,"{""type"":""Point"",""coordinates"":[73.76554737259922,18.436784753713066]}"
348,132,581,599,388,278,6,"{""type"":""Point"",""coordinates"":[73.76564204843189,18.436785369495325]}"
349,132,594,599,376,281,6,"{""type"":""Point"",""coordinates"":[73.76573672426827,18.43678598523038]}"
350,129,609,586,396,280,6,"{""type"":""Point"",""coordinates"":[73.7658314001084,18.436786600918232]}"
351,129,598,589,393,279,6,"{""type"":""Point"",""coordinates"":[73.76592607595225,18.436787216558884]}"
352,135,601,583,395,277,6,"{""type"":""Point"",""coordinates"":[73.76602075179981,18.436787832152334]}"
353,135,581,575,393,279,6,"{""type"":""Point"",""coordinates"":[73.76611542765112,18.436788447698575]}"
354,134,593,587,387,278,6,"{""type"":""Point"",""coordinates"":[73.76621010350613,18.436789063197622]}"
355,134,581,587,385,278,6,"{""type"":""Point"",""coordinates"":[73.76630477936489,18.43678967864946]}"
356,139,603,582,385,279,6,"{""type"":""Point"",""coordinates"":[73.76639945522736,18.436790294054106]}"
357,139,606,582,393,279,6,"{""type"":""Point"",""coordinates"":[73.76649413109355,18.436790909411542]}"
358,130,591,591,394,289,6,"{""type"":""Point"",""coordinates"":[73.7642225572336,18.436685766655952]}"
359,132,605,577,420,287,6,"{""type"":""Point"",""coordinates"":[73.7643172329646,18.436686383095804]}"
360,132,599,599,399,286,6,"{""type"":""Point"",""coordinates"":[73.76441190869934,18.43668699948845]}"
361,134,591,605,397,282,6,"{""type"":""Point"",""coordinates"":[73.76450658443783,18.4366876158339]}"
362,134,583,579,402,277,6,"{""type"":""Point"",""coordinates"":[73.76460126018003,18.436688232132145]}"
363,137,579,582,377,280,6,"{""type"":""Point"",""coordinates"":[73.76469593592597,18.436688848383188]}"
364,137,591,579,391,278,6,"{""type"":""Point"",""coordinates"":[73.76479061167564,18.436689464587033]}"
365,136,591,554,391,277,6,"{""type"":""Point"",""coordinates"":[73.76488528742904,18.436690080743674]}"
366,136,613,555,397,279,6,"{""type"":""Point"",""coordinates"":[73.76497996318615,18.436690696853113]}"
367,136,591,584,400,274,6,"{""type"":""Point"",""coordinates"":[73.76507463894701,18.43669131291535]}"
368,136,591,570,382,273,6,"{""type"":""Point"",""coordinates"":[73.76516931471159,18.436691928930387]}"
369,131,592,572,386,276,6,"{""type"":""Point"",""coordinates"":[73.7652639904799,18.43669254489822]}"
370,131,590,572,398,277,6,"{""type"":""Point"",""coordinates"":[73.76535866625193,18.436693160818855]}"
371,131,568,576,385,276,6,"{""type"":""Point"",""coordinates"":[73.7654533420277,18.436693776692284]}"
372,131,590,584,386,276,6,"{""type"":""Point"",""coordinates"":[73.76554801780718,18.436694392518515]}"
373,132,582,601,383,274,6,"{""type"":""Point"",""coordinates"":[73.7656426935904,18.436695008297544]}"
374,132,582,594,380,272,6,"{""type"":""Point"",""coordinates"":[73.76573736937733,18.436695624029365]}"
375,129,591,589,394,275,6,"{""type"":""Point"",""coordinates"":[73.76583204516801,18.436696239713992]}"
376,129,580,586,384,275,6,"{""type"":""Point"",""coordinates"":[73.7659267209624,18.436696855351414]}"
377,135,607,577,390,274,6,"{""type"":""Point"",""coordinates"":[73.76602139676052,18.436697470941635]}"
378,135,565,583,395,279,6,"{""type"":""Point"",""coordinates"":[73.76611607256235,18.43669808648465]}"
379,134,540,580,395,280,6,"{""type"":""Point"",""coordinates"":[73.76621074836794,18.436698701980472]}"
380,134,609,577,385,279,6,"{""type"":""Point"",""coordinates"":[73.76630542417723,18.436699317429085]}"
381,139,586,588,387,279,6,"{""type"":""Point"",""coordinates"":[73.76640009999025,18.436699932830496]}"
382,139,590,582,394,277,6,"{""type"":""Point"",""coordinates"":[73.76649477580699,18.436700548184707]}"
383,129,600,606,385,288,6,"{""type"":""Point"",""coordinates"":[73.76422320313019,18.43659540550575]}"
384,135,602,579,417,285,6,"{""type"":""Point"",""coordinates"":[73.76431787881174,18.436596021942368]}"
385,135,611,573,387,277,6,"{""type"":""Point"",""coordinates"":[73.76441255449704,18.436596638331785]}"
386,137,587,585,389,276,6,"{""type"":""Point"",""coordinates"":[73.76450723018606,18.436597254674]}"
387,137,583,595,386,280,6,"{""type"":""Point"",""coordinates"":[73.7646019058788,18.436597870969017]}"
388,135,566,607,384,278,6,"{""type"":""Point"",""coordinates"":[73.76469658157531,18.436598487216827]}"
389,135,595,603,395,279,6,"{""type"":""Point"",""coordinates"":[73.7647912572755,18.436599103417443]}"
390,138,619,566,382,277,6,"{""type"":""Point"",""coordinates"":[73.76488593297945,18.436599719570847]}"
391,138,592,577,397,271,6,"{""type"":""Point"",""coordinates"":[73.76498060868711,18.43660033567706]}"
392,132,586,579,389,267,6,"{""type"":""Point"",""coordinates"":[73.76507528439852,18.436600951736065]}"
393,132,579,565,377,267,6,"{""type"":""Point"",""coordinates"":[73.76516996011364,18.43660156774787]}"
394,133,579,578,382,262,6,"{""type"":""Point"",""coordinates"":[73.76526463583251,18.436602183712477]}"
395,133,599,557,396,269,6,"{""type"":""Point"",""coordinates"":[73.76535931155507,18.436602799629878]}"
396,135,592,572,377,271,6,"{""type"":""Point"",""coordinates"":[73.76545398728139,18.43660341550008]}"
397,135,588,562,379,273,6,"{""type"":""Point"",""coordinates"":[73.76554866301143,18.436604031323082]}"
398,129,568,594,381,272,6,"{""type"":""Point"",""coordinates"":[73.76564333874518,18.43660464709888]}"
399,129,572,576,381,273,6,"{""type"":""Point"",""coordinates"":[73.76573801448268,18.436605262827477]}"
400,131,598,569,394,275,6,"{""type"":""Point"",""coordinates"":[73.76583269022389,18.43660587850887]}"
401,131,582,549,388,273,6,"{""type"":""Point"",""coordinates"":[73.76592736596885,18.436606494143064]}"
402,135,582,591,388,272,6,"{""type"":""Point"",""coordinates"":[73.7660220417175,18.436607109730055]}"
403,135,580,562,389,277,6,"{""type"":""Point"",""coordinates"":[73.7661167174699,18.436607725269848]}"
404,133,590,567,392,279,6,"{""type"":""Point"",""coordinates"":[73.766211393226,18.43660834076244]}"
405,133,617,571,390,279,6,"{""type"":""Point"",""coordinates"":[73.76630606898586,18.436608956207827]}"
406,138,601,593,385,278,6,"{""type"":""Point"",""coordinates"":[73.76640074474942,18.43660957160601]}"
407,138,581,583,385,278,6,"{""type"":""Point"",""coordinates"":[73.7664954205167,18.436610186956997]}"
408,129,628,593,396,290,6,"{""type"":""Point"",""coordinates"":[73.76422384902303,18.436505044354664]}"
409,135,592,590,398,283,6,"{""type"":""Point"",""coordinates"":[73.76431852465514,18.436505660788054]}"
410,135,605,593,377,274,6,"{""type"":""Point"",""coordinates"":[73.76441320029099,18.436506277174235]}"
411,137,589,586,386,277,6,"{""type"":""Point"",""coordinates"":[73.76450787593055,18.43650689351322]}"
412,137,582,595,388,280,6,"{""type"":""Point"",""coordinates"":[73.76460255157384,18.436507509805004]}"
413,135,591,575,388,280,6,"{""type"":""Point"",""coordinates"":[73.76469722722089,18.436508126049585]}"
414,135,591,591,384,275,6,"{""type"":""Point"",""coordinates"":[73.76479190287165,18.436508742246964]}"
415,138,602,590,367,271,6,"{""type"":""Point"",""coordinates"":[73.76488657852614,18.436509358397146]}"
416,138,576,579,391,270,6,"{""type"":""Point"",""coordinates"":[73.76498125418435,18.436509974500122]}"
417,132,610,569,376,271,6,"{""type"":""Point"",""coordinates"":[73.7650759298463,18.436510590555898]}"
418,132,595,573,372,267,6,"{""type"":""Point"",""coordinates"":[73.76517060551197,18.43651120656447]}"
419,133,583,579,381,265,6,"{""type"":""Point"",""coordinates"":[73.76526528118137,18.436511822525848]}"
420,133,595,553,395,270,6,"{""type"":""Point"",""coordinates"":[73.76535995685451,18.43651243844002]}"
421,135,598,565,377,266,6,"{""type"":""Point"",""coordinates"":[73.76545463253136,18.436513054306992]}"
422,135,563,584,377,268,6,"{""type"":""Point"",""coordinates"":[73.76554930821194,18.43651367012676]}"
423,129,543,584,381,266,6,"{""type"":""Point"",""coordinates"":[73.76564398389624,18.43651428589933]}"
424,129,575,572,376,267,6,"{""type"":""Point"",""coordinates"":[73.76573865958429,18.4365149016247]}"
425,131,597,566,393,270,6,"{""type"":""Point"",""coordinates"":[73.76583333527606,18.43651551730287]}"
426,131,586,569,388,277,6,"{""type"":""Point"",""coordinates"":[73.76592801097154,18.436516132933836]}"
427,135,591,576,386,274,6,"{""type"":""Point"",""coordinates"":[73.76602268667075,18.436516748517597]}"
428,135,616,573,375,275,6,"{""type"":""Point"",""coordinates"":[73.76611736237369,18.436517364054158]}"
429,133,601,571,381,274,6,"{""type"":""Point"",""coordinates"":[73.76621203808037,18.43651797954352]}"
430,133,578,567,393,283,6,"{""type"":""Point"",""coordinates"":[73.76630671379075,18.43651859498568]}"
431,138,612,626,387,279,6,"{""type"":""Point"",""coordinates"":[73.76640138950486,18.43651921038064]}"
432,138,591,604,380,278,6,"{""type"":""Point"",""coordinates"":[73.7664960652227,18.4365198257284]}"
433,131,609,574,396,283,6,"{""type"":""Point"",""coordinates"":[73.76422449491216,18.436414683202702]}"
434,136,614,593,403,282,6,"{""type"":""Point"",""coordinates"":[73.76431917049482,18.436415299632852]}"
435,136,622,601,388,274,6,"{""type"":""Point"",""coordinates"":[73.76441384608121,18.436415916015807]}"
436,135,589,586,383,280,6,"{""type"":""Point"",""coordinates"":[73.76450852167133,18.43641653235156]}"
437,135,592,571,383,281,6,"{""type"":""Point"",""coordinates"":[73.76460319726517,18.436417148640107]}"
438,137,574,541,382,280,6,"{""type"":""Point"",""coordinates"":[73.76469787286275,18.43641776488146]}"
439,137,579,579,387,273,6,"{""type"":""Point"",""coordinates"":[73.76479254846406,18.436418381075608]}"
440,132,573,586,378,272,6,"{""type"":""Point"",""coordinates"":[73.76488722406908,18.436418997222557]}"
441,132,576,590,386,272,6,"{""type"":""Point"",""coordinates"":[73.76498189967786,18.436419613322304]}"
442,132,587,575,386,272,6,"{""type"":""Point"",""coordinates"":[73.76507657529035,18.43642022937485]}"
443,132,576,575,387,266,6,"{""type"":""Point"",""coordinates"":[73.76517125090658,18.436420845380194]}"
444,132,576,580,387,268,6,"{""type"":""Point"",""coordinates"":[73.76526592652654,18.43642146133834]}"
445,132,566,579,389,270,6,"{""type"":""Point"",""coordinates"":[73.7653606021502,18.43642207724928]}"
446,129,560,575,387,270,6,"{""type"":""Point"",""coordinates"":[73.7654552777776,18.436422693113027]}"
447,129,582,579,384,271,6,"{""type"":""Point"",""coordinates"":[73.76554995340874,18.436423308929566]}"
448,130,582,589,377,269,6,"{""type"":""Point"",""coordinates"":[73.76564462904359,18.436423924698907]}"
449,130,579,579,381,268,6,"{""type"":""Point"",""coordinates"":[73.76573930468217,18.436424540421044]}"
450,136,591,562,386,268,6,"{""type"":""Point"",""coordinates"":[73.76583398032449,18.436425156095986]}"
451,136,581,584,381,272,6,"{""type"":""Point"",""coordinates"":[73.76592865597051,18.43642577172372]}"
452,133,586,599,391,275,6,"{""type"":""Point"",""coordinates"":[73.76602333162027,18.43642638730426]}"
453,133,594,594,376,275,6,"{""type"":""Point"",""coordinates"":[73.76611800727377,18.43642700283759]}"
454,131,607,588,386,273,6,"{""type"":""Point"",""coordinates"":[73.76621268293098,18.436427618323727]}"
455,131,582,573,401,276,6,"{""type"":""Point"",""coordinates"":[73.76630735859192,18.436428233762662]}"
456,135,607,599,387,281,6,"{""type"":""Point"",""coordinates"":[73.76640203425659,18.436428849154392]}"
457,135,617,580,395,278,6,"{""type"":""Point"",""coordinates"":[73.76649670992497,18.436429464498925]}"
458,131,601,596,398,281,6,"{""type"":""Point"",""coordinates"":[73.76422514079755,18.43632432204986]}"
459,136,611,592,398,283,6,"{""type"":""Point"",""coordinates"":[73.76431981633075,18.436324938476776]}"
460,136,601,586,388,275,6,"{""type"":""Point"",""coordinates"":[73.7644144918677,18.4363255548565]}"
461,135,583,596,388,282,6,"{""type"":""Point"",""coordinates"":[73.76450916740836,18.43632617118902]}"
462,135,596,586,378,279,6,"{""type"":""Point"",""coordinates"":[73.76460384295277,18.43632678747434]}"
463,137,596,561,375,274,6,"{""type"":""Point"",""coordinates"":[73.76469851850088,18.436327403712458]}"
464,137,596,565,388,273,6,"{""type"":""Point"",""coordinates"":[73.76479319405274,18.43632801990337]}"
465,132,579,571,381,274,6,"{""type"":""Point"",""coordinates"":[73.76488786960833,18.43632863604709]}"
466,132,574,601,376,273,6,"{""type"":""Point"",""coordinates"":[73.76498254516764,18.436329252143604]}"
467,132,574,591,387,274,6,"{""type"":""Point"",""coordinates"":[73.76507722073067,18.436329868192924]}"
468,132,574,591,389,264,6,"{""type"":""Point"",""coordinates"":[73.76517189629745,18.436330484195036]}"
469,132,579,585,384,271,6,"{""type"":""Point"",""coordinates"":[73.76526657186794,18.436331100149953]}"
470,132,598,585,377,272,6,"{""type"":""Point"",""coordinates"":[73.76536124744217,18.436331716057666]}"
471,129,579,590,382,273,6,"{""type"":""Point"",""coordinates"":[73.76545592302011,18.436332331918177]}"
472,129,572,600,377,269,6,"{""type"":""Point"",""coordinates"":[73.7655505986018,18.43633294773149]}"
473,130,599,582,375,270,6,"{""type"":""Point"",""coordinates"":[73.76564527418721,18.4363335634976]}"
474,130,591,588,387,269,6,"{""type"":""Point"",""coordinates"":[73.76573994977633,18.436334179216512]}"
475,136,599,562,377,269,6,"{""type"":""Point"",""coordinates"":[73.7658346253692,18.43633479488822]}"
476,136,599,565,383,273,6,"{""type"":""Point"",""coordinates"":[73.76592930096578,18.43633541051273]}"
477,133,608,579,396,276,6,"{""type"":""Point"",""coordinates"":[73.76602397656609,18.436336026090036]}"
478,133,610,579,388,275,6,"{""type"":""Point"",""coordinates"":[73.76611865217012,18.436336641620144]}"
479,131,597,602,396,274,6,"{""type"":""Point"",""coordinates"":[73.76621332777788,18.436337257103048]}"
480,131,586,590,399,274,6,"{""type"":""Point"",""coordinates"":[73.76630800338937,18.436337872538754]}"
481,135,572,598,376,276,6,"{""type"":""Point"",""coordinates"":[73.76640267900457,18.436338487927262]}"
482,135,601,588,398,279,6,"{""type"":""Point"",""coordinates"":[73.76649735462351,18.436339103268566]}"
483,133,612,596,389,284,6,"{""type"":""Point"",""coordinates"":[73.76422578667922,18.436233960896132]}"
484,135,569,599,381,278,6,"{""type"":""Point"",""coordinates"":[73.76432046216297,18.43623457731982]}"
485,135,580,594,398,275,6,"{""type"":""Point"",""coordinates"":[73.76441513765046,18.43623519369631]}"
486,130,596,596,387,284,6,"{""type"":""Point"",""coordinates"":[73.76450981314167,18.436235810025593]}"
487,130,592,581,372,279,6,"{""type"":""Point"",""coordinates"":[73.76460448863662,18.436236426307683]}"
488,136,603,576,386,272,6,"{""type"":""Point"",""coordinates"":[73.7646991641353,18.43623704254257]}"
489,136,584,601,390,273,6,"{""type"":""Point"",""coordinates"":[73.76479383963769,18.436237658730253]}"
490,130,593,586,378,273,6,"{""type"":""Point"",""coordinates"":[73.76488851514382,18.43623827487074]}"
491,130,603,595,372,270,6,"{""type"":""Point"",""coordinates"":[73.76498319065368,18.436238890964027]}"
492,133,592,578,372,272,6,"{""type"":""Point"",""coordinates"":[73.76507786616729,18.436239507010107]}"
493,133,587,589,372,266,6,"{""type"":""Point"",""coordinates"":[73.76517254168459,18.436240123008993]}"
494,130,592,583,387,273,6,"{""type"":""Point"",""coordinates"":[73.76526721720565,18.436240738960677]}"
495,130,599,575,395,272,6,"{""type"":""Point"",""coordinates"":[73.76536189273041,18.436241354865164]}"
496,131,611,573,391,272,6,"{""type"":""Point"",""coordinates"":[73.76545656825891,18.436241970722445]}"
497,131,569,582,377,272,6,"{""type"":""Point"",""coordinates"":[73.76555124379114,18.43624258653253]}"
498,129,579,567,381,270,6,"{""type"":""Point"",""coordinates"":[73.7656459193271,18.436243202295408]}"
499,129,573,599,386,269,6,"{""type"":""Point"",""coordinates"":[73.76574059486677,18.436243818011093]}"
500,135,576,568,377,269,6,"{""type"":""Point"",""coordinates"":[73.7658352704102,18.436244433679573]}"
501,135,579,610,386,273,6,"{""type"":""Point"",""coordinates"":[73.76592994595731,18.43624504930085]}"
502,135,591,579,390,276,6,"{""type"":""Point"",""coordinates"":[73.76602462150817,18.436245664874935]}"
503,135,592,599,383,275,6,"{""type"":""Point"",""coordinates"":[73.76611929706276,18.436246280401814]}"
504,130,602,581,393,275,6,"{""type"":""Point"",""coordinates"":[73.76621397262105,18.436246895881492]}"
505,130,594,581,385,274,6,"{""type"":""Point"",""coordinates"":[73.76630864818308,18.436247511313972]}"
506,136,561,609,375,273,6,"{""type"":""Point"",""coordinates"":[73.76640332374885,18.43624812669925]}"
507,136,590,581,393,277,6,"{""type"":""Point"",""coordinates"":[73.76649799931833,18.436248742037325]}"
508,133,628,604,392,285,6,"{""type"":""Point"",""coordinates"":[73.76422643255715,18.436143599741527]}"
509,135,590,574,390,277,6,"{""type"":""Point"",""coordinates"":[73.76432110799145,18.43614421616198]}"
510,135,580,586,379,279,6,"{""type"":""Point"",""coordinates"":[73.76441578342948,18.436144832535238]}"
511,130,596,583,387,285,6,"{""type"":""Point"",""coordinates"":[73.76451045887124,18.436145448861293]}"
512,130,580,567,377,279,6,"{""type"":""Point"",""coordinates"":[73.76460513431674,18.43614606514015]}"
513,136,567,576,388,275,6,"{""type"":""Point"",""coordinates"":[73.76469980976596,18.436146681371802]}"
514,136,569,583,388,270,6,"{""type"":""Point"",""coordinates"":[73.76479448521891,18.436147297556257]}"
515,130,574,571,393,268,6,"{""type"":""Point"",""coordinates"":[73.7648891606756,18.436147913693514]}"
516,130,584,581,386,267,6,"{""type"":""Point"",""coordinates"":[73.76498383613601,18.436148529783566]}"
517,133,574,578,382,264,6,"{""type"":""Point"",""coordinates"":[73.76507851160014,18.43614914582642]}"
518,133,589,580,402,259,6,"{""type"":""Point"",""coordinates"":[73.76517318706802,18.436149761822076]}"
519,130,584,586,372,270,6,"{""type"":""Point"",""coordinates"":[73.7652678625396,18.43615037777053]}"
520,130,564,583,378,275,6,"{""type"":""Point"",""coordinates"":[73.76536253801493,18.436150993671784]}"
521,131,589,569,391,273,6,"{""type"":""Point"",""coordinates"":[73.76545721349397,18.436151609525837]}"
522,131,582,573,380,272,6,"{""type"":""Point"",""coordinates"":[73.76555188897674,18.43615222533269]}"
523,129,576,582,386,271,6,"{""type"":""Point"",""coordinates"":[73.76564656446325,18.436152841092344]}"
524,129,600,579,387,271,6,"{""type"":""Point"",""coordinates"":[73.76574123995348,18.436153456804796]}"
525,135,583,591,386,271,6,"{""type"":""Point"",""coordinates"":[73.76583591544744,18.436154072470046]}"
526,135,579,588,383,268,6,"{""type"":""Point"",""coordinates"":[73.76593059094512,18.436154688088102]}"
527,135,591,592,377,279,6,"{""type"":""Point"",""coordinates"":[73.76602526644652,18.436155303658953]}"
528,135,582,608,382,275,6,"{""type"":""Point"",""coordinates"":[73.76611994195166,18.436155919182607]}"
529,130,608,585,394,275,6,"{""type"":""Point"",""coordinates"":[73.7662146174605,18.43615653465906]}"
530,130,610,608,383,277,6,"{""type"":""Point"",""coordinates"":[73.76630929297309,18.436157150088306]}"
531,136,595,581,386,271,6,"{""type"":""Point"",""coordinates"":[73.76640396848939,18.43615776547036]}"
532,136,617,576,391,280,6,"{""type"":""Point"",""coordinates"":[73.76649864400943,18.43615838080521]}"
533,130,597,594,383,286,6,"{""type"":""Point"",""coordinates"":[73.76422707843136,18.436053238586037]}"
534,135,604,587,382,276,6,"{""type"":""Point"",""coordinates"":[73.7643217538162,18.43605385500326]}"
535,135,575,587,373,281,6,"{""type"":""Point"",""coordinates"":[73.76441642920479,18.436054471373282]}"
536,131,593,587,396,283,6,"{""type"":""Point"",""coordinates"":[73.7645111045971,18.436055087696104]}"
537,131,588,586,388,275,6,"{""type"":""Point"",""coordinates"":[73.76460577999315,18.43605570397173]}"
538,133,588,599,388,274,6,"{""type"":""Point"",""coordinates"":[73.76470045539291,18.43605632020015]}"
539,133,580,565,383,268,6,"{""type"":""Point"",""coordinates"":[73.76479513079641,18.436056936381377]}"
540,131,570,574,388,267,6,"{""type"":""Point"",""coordinates"":[73.76488980620364,18.436057552515404]}"
541,131,580,586,385,268,6,"{""type"":""Point"",""coordinates"":[73.7649844816146,18.436058168602223]}"
542,130,583,580,378,260,6,"{""type"":""Point"",""coordinates"":[73.76507915702929,18.436058784641848]}"
543,130,583,574,373,261,6,"{""type"":""Point"",""coordinates"":[73.7651738324477,18.43605940063427]}"
544,131,596,580,369,267,6,"{""type"":""Point"",""coordinates"":[73.76526850786985,18.436060016579493]}"
545,131,584,571,378,270,6,"{""type"":""Point"",""coordinates"":[73.7653631832957,18.43606063247752]}"
546,135,580,583,382,270,6,"{""type"":""Point"",""coordinates"":[73.76545785872531,18.436061248328343]}"
547,135,596,589,372,271,6,"{""type"":""Point"",""coordinates"":[73.76555253415864,18.43606186413197]}"
548,131,592,576,387,271,6,"{""type"":""Point"",""coordinates"":[73.76564720959568,18.436062479888392]}"
549,131,603,573,386,271,6,"{""type"":""Point"",""coordinates"":[73.76574188503646,18.436063095597618]}"
550,135,603,582,393,271,6,"{""type"":""Point"",""coordinates"":[73.76583656048096,18.43606371125964]}"
551,135,573,573,382,270,6,"{""type"":""Point"",""coordinates"":[73.76593123592919,18.43606432687446]}"
552,135,600,585,374,276,6,"{""type"":""Point"",""coordinates"":[73.76602591138115,18.43606494244209]}"
553,135,589,575,383,274,6,"{""type"":""Point"",""coordinates"":[73.76612058683683,18.43606555796251]}"
554,130,582,588,396,276,6,"{""type"":""Point"",""coordinates"":[73.76621526229623,18.436066173435737]}"
555,130,602,582,381,273,6,"{""type"":""Point"",""coordinates"":[73.76630993775937,18.43606678886176]}"
556,138,586,550,381,266,6,"{""type"":""Point"",""coordinates"":[73.76640461322621,18.436067404240582]}"
557,138,586,579,392,282,6,"{""type"":""Point"",""coordinates"":[73.76649928869679,18.436068019572204]}"
558,130,581,585,397,280,6,"{""type"":""Point"",""coordinates"":[73.76422772430183,18.435962877429667]}"
559,135,604,577,387,276,6,"{""type"":""Point"",""coordinates"":[73.76432239963722,18.435963493843655]}"
560,135,594,582,386,283,6,"{""type"":""Point"",""coordinates"":[73.76441707497636,18.435964110210445]}"
561,131,584,601,387,276,6,"{""type"":""Point"",""coordinates"":[73.76451175031922,18.435964726530038]}"
562,131,604,579,389,278,6,"{""type"":""Point"",""coordinates"":[73.7646064256658,18.43596534280243]}"
563,133,597,592,388,275,6,"{""type"":""Point"",""coordinates"":[73.76470110101613,18.43596595902762]}"
564,133,583,571,385,269,6,"{""type"":""Point"",""coordinates"":[73.76479577637018,18.435966575205615]}"
565,131,558,590,383,267,6,"{""type"":""Point"",""coordinates"":[73.76489045172796,18.43596719133641]}"
566,131,574,574,378,268,6,"{""type"":""Point"",""coordinates"":[73.76498512708947,18.43596780742]}"
567,130,593,574,385,260,6,"{""type"":""Point"",""coordinates"":[73.76507980245471,18.435968423456394]}"
568,130,580,568,386,266,6,"{""type"":""Point"",""coordinates"":[73.76517447782366,18.435969039445585]}"
569,131,573,576,378,266,6,"{""type"":""Point"",""coordinates"":[73.76526915319636,18.43596965538758]}"
570,131,573,574,381,262,6,"{""type"":""Point"",""coordinates"":[73.76536382857277,18.435970271282375]}"
571,135,599,590,386,270,6,"{""type"":""Point"",""coordinates"":[73.76545850395291,18.43597088712997]}"
572,135,596,574,383,272,6,"{""type"":""Point"",""coordinates"":[73.76555317933679,18.435971502930364]}"
573,131,592,564,397,272,6,"{""type"":""Point"",""coordinates"":[73.76564785472439,18.43597211868356]}"
574,131,596,571,395,271,6,"{""type"":""Point"",""coordinates"":[73.76574253011572,18.435972734389555]}"
575,135,601,589,393,270,6,"{""type"":""Point"",""coordinates"":[73.76583720551078,18.43597335004835]}"
576,135,582,593,376,268,6,"{""type"":""Point"",""coordinates"":[73.76593188090955,18.435973965659947]}"
577,135,622,582,381,273,6,"{""type"":""Point"",""coordinates"":[73.76602655631206,18.43597458122434]}"
578,135,595,570,381,279,6,"{""type"":""Point"",""coordinates"":[73.76612123171827,18.435975196741538]}"
579,130,569,579,394,276,6,"{""type"":""Point"",""coordinates"":[73.76621590712824,18.435975812211534]}"
580,130,595,599,390,271,6,"{""type"":""Point"",""coordinates"":[73.76631058254192,18.43597642763433]}"
581,138,610,579,390,269,6,"{""type"":""Point"",""coordinates"":[73.76640525795932,18.435977043009927]}"
582,138,613,579,390,278,6,"{""type"":""Point"",""coordinates"":[73.76649993338044,18.435977658338324]}"
583,128,594,575,394,279,6,"{""type"":""Point"",""coordinates"":[73.76422837016857,18.435872516272415]}"
584,132,595,594,373,279,6,"{""type"":""Point"",""coordinates"":[73.76432304545452,18.435873132683174]}"
585,132,613,587,394,277,6,"{""type"":""Point"",""coordinates"":[73.7644177207442,18.43587374904673]}"
586,131,591,584,390,277,6,"{""type"":""Point"",""coordinates"":[73.76451239603762,18.43587436536309]}"
587,131,594,566,395,276,6,"{""type"":""Point"",""coordinates"":[73.76460707133475,18.43587498163225]}"
588,132,602,584,390,276,6,"{""type"":""Point"",""coordinates"":[73.76470174663562,18.43587559785421]}"
589,132,607,559,390,267,6,"{""type"":""Point"",""coordinates"":[73.76479642194022,18.435876214028973]}"
590,129,575,579,385,269,6,"{""type"":""Point"",""coordinates"":[73.76489109724854,18.435876830156534]}"
591,129,570,587,381,268,6,"{""type"":""Point"",""coordinates"":[73.7649857725606,18.435877446236898]}"
592,129,594,584,387,258,6,"{""type"":""Point"",""coordinates"":[73.76508044787639,18.43587806227006]}"
593,129,588,570,390,266,6,"{""type"":""Point"",""coordinates"":[73.7651751231959,18.43587867825602]}"
594,133,551,578,381,268,6,"{""type"":""Point"",""coordinates"":[73.76526979851914,18.435879294194784]}"
595,133,580,580,378,266,6,"{""type"":""Point"",""coordinates"":[73.7653644738461,18.43587991008635]}"
596,134,584,578,382,264,6,"{""type"":""Point"",""coordinates"":[73.7654591491768,18.435880525930717]}"
597,134,592,567,385,269,6,"{""type"":""Point"",""coordinates"":[73.76555382451123,18.435881141727883]}"
598,131,603,589,389,272,6,"{""type"":""Point"",""coordinates"":[73.76564849984938,18.435881757477848]}"
599,131,599,538,392,272,6,"{""type"":""Point"",""coordinates"":[73.76574317519126,18.43588237318061]}"
600,134,576,586,386,270,6,"{""type"":""Point"",""coordinates"":[73.76583785053685,18.43588298883618]}"
601,134,601,580,376,269,6,"{""type"":""Point"",""coordinates"":[73.76593252588619,18.435883604444548]}"
602,134,603,579,377,275,6,"{""type"":""Point"",""coordinates"":[73.76602720123924,18.435884220005715]}"
603,134,587,591,377,276,6,"{""type"":""Point"",""coordinates"":[73.766121876596,18.435884835519687]}"
604,138,596,595,397,277,6,"{""type"":""Point"",""coordinates"":[73.76621655195652,18.43588545098645]}"
605,138,579,591,390,269,6,"{""type"":""Point"",""coordinates"":[73.76631122732074,18.43588606640602]}"
606,140,595,579,396,271,6,"{""type"":""Point"",""coordinates"":[73.7664059026887,18.43588668177839]}"
607,140,602,585,398,276,6,"{""type"":""Point"",""coordinates"":[73.76650057806036,18.435887297103562]}"
608,128,601,581,391,274,6,"{""type"":""Point"",""coordinates"":[73.76422901603158,18.435782155114282]}"
609,132,578,603,371,278,6,"{""type"":""Point"",""coordinates"":[73.76432369126807,18.435782771521808]}"
610,132,601,597,388,277,6,"{""type"":""Point"",""coordinates"":[73.76441836650831,18.435783387882136]}"
611,131,605,592,382,277,6,"{""type"":""Point"",""coordinates"":[73.76451304175227,18.435784004195263]}"
612,131,594,584,397,274,6,"{""type"":""Point"",""coordinates"":[73.76460771699996,18.43578462046119]}"
613,132,576,579,390,273,6,"{""type"":""Point"",""coordinates"":[73.76470239225138,18.435785236679923]}"
614,132,584,569,389,268,6,"{""type"":""Point"",""coordinates"":[73.76479706750652,18.43578585285145]}"
615,129,581,579,383,268,6,"{""type"":""Point"",""coordinates"":[73.7648917427654,18.43578646897578]}"
616,129,559,591,381,269,6,"{""type"":""Point"",""coordinates"":[73.76498641802802,18.435787085052915]}"
617,129,584,571,388,267,6,"{""type"":""Point"",""coordinates"":[73.76508109329434,18.435787701082845]}"
618,129,594,575,390,268,6,"{""type"":""Point"",""coordinates"":[73.7651757685644,18.43578831706558]}"
619,133,581,576,383,268,6,"{""type"":""Point"",""coordinates"":[73.7652704438382,18.435788933001113]}"
620,133,584,576,387,268,6,"{""type"":""Point"",""coordinates"":[73.76536511911571,18.435789548889446]}"
621,134,588,583,388,266,6,"{""type"":""Point"",""coordinates"":[73.76545979439696,18.435790164730584]}"
622,134,594,565,388,274,6,"{""type"":""Point"",""coordinates"":[73.76555446968193,18.435790780524517]}"
623,131,594,586,386,273,6,"{""type"":""Point"",""coordinates"":[73.76564914497062,18.435791396271256]}"
624,131,583,564,383,272,6,"{""type"":""Point"",""coordinates"":[73.76574382026305,18.43579201197079]}"
625,134,569,578,383,271,6,"{""type"":""Point"",""coordinates"":[73.76583849555921,18.43579262762313]}"
626,134,599,580,376,269,6,"{""type"":""Point"",""coordinates"":[73.76593317085909,18.435793243228268]}"
627,134,618,583,386,270,6,"{""type"":""Point"",""coordinates"":[73.76602784616269,18.43579385878621]}"
628,134,603,583,384,277,6,"{""type"":""Point"",""coordinates"":[73.76612252147001,18.435794474296948]}"
629,138,596,586,387,278,6,"{""type"":""Point"",""coordinates"":[73.76621719678107,18.43579508976049]}"
630,138,579,598,384,267,6,"{""type"":""Point"",""coordinates"":[73.76631187209584,18.435795705176833]}"
631,140,611,575,377,276,6,"{""type"":""Point"",""coordinates"":[73.76640654741433,18.43579632054598]}"
632,140,611,592,383,277,6,"{""type"":""Point"",""coordinates"":[73.76650122273657,18.43579693586792]}"
633,134,540,530,350,281,6,"{""type"":""Point"",""coordinates"":[73.74826754717421,18.43034602678445]}"
634,134,545,559,361,286,6,"{""type"":""Point"",""coordinates"":[73.7483622188592,18.43034665097533]}"
635,134,539,558,364,286,6,"{""type"":""Point"",""coordinates"":[73.74845689054797,18.430347275119033]}"
636,134,553,553,366,286,6,"{""type"":""Point"",""coordinates"":[73.74855156224054,18.43034789921555]}"
637,135,569,549,353,286,6,"{""type"":""Point"",""coordinates"":[73.74864623393687,18.430348523264886]}"
638,135,560,534,345,287,6,"{""type"":""Point"",""coordinates"":[73.74874090563698,18.430349147267037]}"
639,132,550,557,351,284,6,"{""type"":""Point"",""coordinates"":[73.74883557734086,18.430349771222005]}"
640,132,536,547,351,285,6,"{""type"":""Point"",""coordinates"":[73.74893024904853,18.43035039512979]}"
641,131,553,535,350,279,6,"{""type"":""Point"",""coordinates"":[73.74902492075996,18.430351018990393]}"
642,131,583,555,354,281,6,"{""type"":""Point"",""coordinates"":[73.74911959247517,18.430351642803814]}"
643,135,547,536,355,280,6,"{""type"":""Point"",""coordinates"":[73.74921426419417,18.43035226657005]}"
644,135,559,536,356,282,6,"{""type"":""Point"",""coordinates"":[73.74930893591693,18.4303528902891]}"
645,137,570,549,350,283,6,"{""type"":""Point"",""coordinates"":[73.74940360764347,18.43035351396097]}"
646,137,564,577,350,284,6,"{""type"":""Point"",""coordinates"":[73.74949827937378,18.430354137585656]}"
647,131,553,568,359,283,6,"{""type"":""Point"",""coordinates"":[73.74959295110787,18.430354761163155]}"
648,131,564,572,369,283,6,"{""type"":""Point"",""coordinates"":[73.74968762284574,18.430355384693478]}"
649,134,579,572,381,289,6,"{""type"":""Point"",""coordinates"":[73.74978229458738,18.430356008176613]}"
650,134,564,568,360,295,6,"{""type"":""Point"",""coordinates"":[73.74987696633279,18.430356631612568]}"
651,134,532,559,351,286,6,"{""type"":""Point"",""coordinates"":[73.74826820116748,18.43025566612328]}"
652,134,536,581,357,286,6,"{""type"":""Point"",""coordinates"":[73.74836287280304,18.430256290310886]}"
653,134,567,576,357,286,6,"{""type"":""Point"",""coordinates"":[73.74845754444239,18.430256914451313]}"
654,134,550,554,358,278,6,"{""type"":""Point"",""coordinates"":[73.74855221608551,18.43025753854456]}"
655,135,543,557,361,281,6,"{""type"":""Point"",""coordinates"":[73.7486468877324,18.430258162590622]}"
656,135,540,547,358,283,6,"{""type"":""Point"",""coordinates"":[73.74874155938308,18.4302587865895]}"
657,132,566,545,354,278,6,"{""type"":""Point"",""coordinates"":[73.74883623103754,18.430259410541193]}"
658,132,541,550,358,281,6,"{""type"":""Point"",""coordinates"":[73.74893090269578,18.43026003444571]}"
659,131,541,561,345,280,6,"{""type"":""Point"",""coordinates"":[73.74902557435777,18.430260658303038]}"
660,131,553,561,336,281,6,"{""type"":""Point"",""coordinates"":[73.74912024602357,18.430261282113186]}"
661,135,533,549,346,282,6,"{""type"":""Point"",""coordinates"":[73.74921491769312,18.430261905876147]}"
662,135,570,532,370,283,6,"{""type"":""Point"",""coordinates"":[73.74930958936645,18.43026252959193]}"
663,137,559,558,365,284,6,"{""type"":""Point"",""coordinates"":[73.74940426104355,18.430263153260526]}"
664,137,553,562,344,285,6,"{""type"":""Point"",""coordinates"":[73.74949893272445,18.430263776881944]}"
665,131,572,561,362,285,6,"{""type"":""Point"",""coordinates"":[73.7495936044091,18.43026440045617]}"
666,131,577,574,369,284,6,"{""type"":""Point"",""coordinates"":[73.74968827609753,18.43026502398322]}"
667,134,564,561,363,292,6,"{""type"":""Point"",""coordinates"":[73.74978294778974,18.430265647463084]}"
668,134,583,560,360,295,6,"{""type"":""Point"",""coordinates"":[73.74987761948572,18.430266270895768]}"
669,129,536,572,354,277,6,"{""type"":""Point"",""coordinates"":[73.74826885515697,18.430165305461223]}"
670,129,558,572,358,276,6,"{""type"":""Point"",""coordinates"":[73.74836352674312,18.43016592964556]}"
671,130,576,558,357,278,6,"{""type"":""Point"",""coordinates"":[73.74845819833303,18.430166553782716]}"
672,130,531,568,358,279,6,"{""type"":""Point"",""coordinates"":[73.74855286992673,18.430167177872683]}"
673,134,550,564,364,280,6,"{""type"":""Point"",""coordinates"":[73.74864754152418,18.43016780191547]}"
674,134,550,563,370,279,6,"{""type"":""Point"",""coordinates"":[73.74874221312542,18.430168425911077]}"
675,130,586,555,364,280,6,"{""type"":""Point"",""coordinates"":[73.74883688473045,18.4301690498595]}"
676,130,553,558,358,281,6,"{""type"":""Point"",""coordinates"":[73.74893155633924,18.43016967376074]}"
677,130,526,565,358,281,6,"{""type"":""Point"",""coordinates"":[73.74902622795183,18.430170297614797]}"
678,130,547,555,358,282,6,"{""type"":""Point"",""coordinates"":[73.74912089956818,18.43017092142167]}"
679,135,541,561,350,284,6,"{""type"":""Point"",""coordinates"":[73.7492155711883,18.430171545181363]}"
680,135,563,568,362,284,6,"{""type"":""Point"",""coordinates"":[73.74931024281221,18.430172168893872]}"
681,137,557,558,356,284,6,"{""type"":""Point"",""coordinates"":[73.74940491443988,18.4301727925592]}"
682,137,556,564,359,285,6,"{""type"":""Point"",""coordinates"":[73.74949958607134,18.430173416177347]}"
683,131,551,585,340,285,6,"{""type"":""Point"",""coordinates"":[73.74959425770656,18.430174039748305]}"
684,131,572,572,366,284,6,"{""type"":""Point"",""coordinates"":[73.74968892934557,18.43017466327208]}"
685,136,567,574,368,294,6,"{""type"":""Point"",""coordinates"":[73.74978360098834,18.43017528674868]}"
686,136,556,559,368,295,6,"{""type"":""Point"",""coordinates"":[73.74987827263489,18.43017591017809]}"
687,129,545,550,351,280,6,"{""type"":""Point"",""coordinates"":[73.7482695091427,18.43007494479829]}"
688,129,547,547,358,281,6,"{""type"":""Point"",""coordinates"":[73.74836418067939,18.43007556897935]}"
689,130,552,544,357,280,6,"{""type"":""Point"",""coordinates"":[73.74845885221988,18.43007619311323]}"
690,130,552,551,353,281,6,"{""type"":""Point"",""coordinates"":[73.74855352376413,18.430076817199932]}"
691,134,550,561,347,281,6,"{""type"":""Point"",""coordinates"":[73.74864819531219,18.430077441239444]}"
692,134,560,544,350,283,6,"{""type"":""Point"",""coordinates"":[73.74874286686399,18.430078065231775]}"
693,130,579,558,358,282,6,"{""type"":""Point"",""coordinates"":[73.74883753841958,18.430078689176923]}"
694,130,585,567,358,282,6,"{""type"":""Point"",""coordinates"":[73.74893220997896,18.430079313074895]}"
695,130,572,573,361,283,6,"{""type"":""Point"",""coordinates"":[73.7490268815421,18.430079936925676]}"
696,130,536,568,367,285,6,"{""type"":""Point"",""coordinates"":[73.749121553109,18.43008056072928]}"
697,135,557,550,359,284,6,"{""type"":""Point"",""coordinates"":[73.74921622467971,18.430081184485697]}"
698,135,553,577,356,284,6,"{""type"":""Point"",""coordinates"":[73.74931089625419,18.430081808194938]}"
699,137,539,558,350,285,6,"{""type"":""Point"",""coordinates"":[73.74940556783243,18.43008243185699]}"
700,137,556,546,352,285,6,"{""type"":""Point"",""coordinates"":[73.74950023941444,18.430083055471865]}"
701,131,554,559,352,285,6,"{""type"":""Point"",""coordinates"":[73.74959491100023,18.430083679039555]}"
702,131,599,577,360,287,6,"{""type"":""Point"",""coordinates"":[73.74968958258981,18.43008430256006]}"
703,136,564,572,366,293,6,"{""type"":""Point"",""coordinates"":[73.74978425418315,18.430084926033388]}"
704,136,564,544,368,296,6,"{""type"":""Point"",""coordinates"":[73.74987892578027,18.430085549459527]}"
705,129,547,542,347,277,6,"{""type"":""Point"",""coordinates"":[73.74827016312464,18.429984584134473]}"
706,129,547,560,368,279,6,"{""type"":""Point"",""coordinates"":[73.74836483461192,18.429985208312264]}"
707,133,545,576,376,273,6,"{""type"":""Point"",""coordinates"":[73.74845950610296,18.42998583244287]}"
708,133,550,549,362,276,6,"{""type"":""Point"",""coordinates"":[73.74855417759778,18.429986456526294]}"
709,135,536,567,348,276,6,"{""type"":""Point"",""coordinates"":[73.7486488490964,18.42998708056253]}"
710,135,541,537,346,281,6,"{""type"":""Point"",""coordinates"":[73.74874352059877,18.429987704551593]}"
711,124,550,563,354,276,6,"{""type"":""Point"",""coordinates"":[73.74883819210494,18.42998832849347]}"
712,124,552,563,358,277,6,"{""type"":""Point"",""coordinates"":[73.74893286361487,18.429988952388165]}"
713,125,553,567,359,279,6,"{""type"":""Point"",""coordinates"":[73.74902753512859,18.429989576235677]}"
714,125,539,561,359,281,6,"{""type"":""Point"",""coordinates"":[73.74912220664608,18.429990200036006]}"
715,136,575,545,358,285,6,"{""type"":""Point"",""coordinates"":[73.74921687816733,18.429990823789154]}"
716,136,560,564,359,284,6,"{""type"":""Point"",""coordinates"":[73.74931154969238,18.42999144749512]}"
717,133,541,538,358,285,6,"{""type"":""Point"",""coordinates"":[73.7494062212212,18.429992071153904]}"
718,133,570,538,359,285,6,"{""type"":""Point"",""coordinates"":[73.74950089275379,18.429992694765502]}"
719,131,556,568,359,286,6,"{""type"":""Point"",""coordinates"":[73.74959556429015,18.429993318329924]}"
720,131,599,577,355,285,6,"{""type"":""Point"",""coordinates"":[73.74969023583029,18.42999394184716]}"
721,133,556,556,371,291,6,"{""type"":""Point"",""coordinates"":[73.7497849073742,18.429994565317216]}"
722,133,558,553,376,297,6,"{""type"":""Point"",""coordinates"":[73.74987957892189,18.429995188740087]}"
723,129,566,544,350,271,6,"{""type"":""Point"",""coordinates"":[73.7482708171028,18.429894223469773]}"
724,129,544,542,364,273,6,"{""type"":""Point"",""coordinates"":[73.74836548854063,18.42989484764429]}"
725,133,539,564,339,270,6,"{""type"":""Point"",""coordinates"":[73.74846015998226,18.429895471771623]}"
726,133,547,567,346,272,6,"{""type"":""Point"",""coordinates"":[73.74855483142765,18.429896095851774]}"
727,135,550,542,351,273,6,"{""type"":""Point"",""coordinates"":[73.74864950287683,18.42989671988474]}"
728,135,559,536,350,274,6,"{""type"":""Point"",""coordinates"":[73.74874417432977,18.429897343870525]}"
729,124,560,554,349,276,6,"{""type"":""Point"",""coordinates"":[73.74883884578651,18.42989796780913]}"
730,124,550,533,356,275,6,"{""type"":""Point"",""coordinates"":[73.74893351724701,18.429898591700553]}"
731,125,533,535,361,276,6,"{""type"":""Point"",""coordinates"":[73.74902818871129,18.42989921554479]}"
732,125,539,574,359,277,6,"{""type"":""Point"",""coordinates"":[73.74912286017936,18.42989983934185]}"
733,136,556,545,356,280,6,"{""type"":""Point"",""coordinates"":[73.7492175316512,18.429900463091727]}"
734,136,544,540,358,287,6,"{""type"":""Point"",""coordinates"":[73.7493122031268,18.42990108679442]}"
735,133,560,558,358,285,6,"{""type"":""Point"",""coordinates"":[73.7494068746062,18.42990171044993]}"
736,133,541,558,359,286,6,"{""type"":""Point"",""coordinates"":[73.74950154608935,18.429902334058262]}"
737,131,531,556,360,287,6,"{""type"":""Point"",""coordinates"":[73.74959621757628,18.42990295761941]}"
738,131,559,560,361,287,6,"{""type"":""Point"",""coordinates"":[73.749690889067,18.429903581133377]}"
739,133,564,561,371,292,6,"{""type"":""Point"",""coordinates"":[73.74978556056148,18.42990420460016]}"
740,133,559,560,368,298,6,"{""type"":""Point"",""coordinates"":[73.74988023205972,18.42990482801976]}"
741,125,541,535,347,272,6,"{""type"":""Point"",""coordinates"":[73.74817679969254,18.429803238585777]}"
742,130,557,547,354,272,6,"{""type"":""Point"",""coordinates"":[73.74827147107719,18.4298038628042]}"
743,130,541,532,373,274,6,"{""type"":""Point"",""coordinates"":[73.74836614246558,18.42980448697544]}"
744,133,541,531,357,273,6,"{""type"":""Point"",""coordinates"":[73.74846081385779,18.429805111099498]}"
745,133,563,558,350,274,6,"{""type"":""Point"",""coordinates"":[73.74855548525375,18.429805735176373]}"
746,127,552,545,348,275,6,"{""type"":""Point"",""coordinates"":[73.74865015665348,18.42980635920607]}"
747,127,552,540,350,275,6,"{""type"":""Point"",""coordinates"":[73.74874482805701,18.429806983188584]}"
748,119,526,554,351,275,6,"{""type"":""Point"",""coordinates"":[73.74883949946431,18.429807607123912]}"
749,119,544,558,365,276,6,"{""type"":""Point"",""coordinates"":[73.74893417087539,18.42980823101206]}"
750,128,577,554,373,277,6,"{""type"":""Point"",""coordinates"":[73.74902884229024,18.429808854853032]}"
751,128,557,561,359,277,6,"{""type"":""Point"",""coordinates"":[73.74912351370887,18.429809478646813]}"
752,131,564,559,348,278,6,"{""type"":""Point"",""coordinates"":[73.74921818513127,18.42981010239342]}"
753,131,551,558,356,286,6,"{""type"":""Point"",""coordinates"":[73.74931285655745,18.429810726092843]}"
754,121,560,578,367,288,6,"{""type"":""Point"",""coordinates"":[73.7494075279874,18.429811349745084]}"
755,121,571,568,361,289,6,"{""type"":""Point"",""coordinates"":[73.74950219942113,18.42981197335014]}"
756,130,550,559,362,290,6,"{""type"":""Point"",""coordinates"":[73.74959687085864,18.429812596908018]}"
757,130,549,561,361,290,6,"{""type"":""Point"",""coordinates"":[73.74969154229991,18.429813220418716]}"
758,132,561,568,368,290,6,"{""type"":""Point"",""coordinates"":[73.74978621374497,18.42981384388223]}"
759,132,570,572,354,298,6,"{""type"":""Point"",""coordinates"":[73.74988088519379,18.42981446729856]}"
760,125,501,556,353,275,6,"{""type"":""Point"",""coordinates"":[73.74817745371257,18.429712877922594]}"
761,130,563,567,357,272,6,"{""type"":""Point"",""coordinates"":[73.74827212504779,18.42971350213774]}"
762,130,566,538,364,273,6,"{""type"":""Point"",""coordinates"":[73.74836679638676,18.429714126305708]}"
763,133,566,537,355,275,6,"{""type"":""Point"",""coordinates"":[73.74846146772953,18.42971475042649]}"
764,133,583,561,351,275,6,"{""type"":""Point"",""coordinates"":[73.74855613907606,18.429715374500095]}"
765,127,545,560,342,277,6,"{""type"":""Point"",""coordinates"":[73.74865081042638,18.429715998526515]}"
766,127,539,545,354,280,6,"{""type"":""Point"",""coordinates"":[73.74874548178046,18.429716622505754]}"
767,119,520,554,358,277,6,"{""type"":""Point"",""coordinates"":[73.74884015313833,18.42971724643781]}"
768,119,545,555,361,276,6,"{""type"":""Point"",""coordinates"":[73.7489348245,18.42971787032269]}"
769,128,557,554,367,278,6,"{""type"":""Point"",""coordinates"":[73.7490294958654,18.429718494160383]}"
770,128,586,561,356,279,6,"{""type"":""Point"",""coordinates"":[73.7491241672346,18.429719117950896]}"
771,131,554,575,345,280,6,"{""type"":""Point"",""coordinates"":[73.74921883860756,18.42971974169423]}"
772,131,560,564,354,284,6,"{""type"":""Point"",""coordinates"":[73.74931350998432,18.42972036539038]}"
773,121,567,564,370,290,6,"{""type"":""Point"",""coordinates"":[73.74940818136486,18.42972098903935]}"
774,121,567,554,366,290,6,"{""type"":""Point"",""coordinates"":[73.74950285274915,18.429721612641135]}"
775,130,563,565,357,290,6,"{""type"":""Point"",""coordinates"":[73.74959752413722,18.429722236195744]}"
776,130,563,565,359,291,6,"{""type"":""Point"",""coordinates"":[73.74969219552906,18.429722859703165]}"
777,132,567,561,361,292,6,"{""type"":""Point"",""coordinates"":[73.7497868669247,18.42972348316341]}"
778,132,563,563,353,299,6,"{""type"":""Point"",""coordinates"":[73.74988153832409,18.429724106576472]}"
779,70,393,394,190,150,6,"{""type"":""Point"",""coordinates"":[73.50379403133604,18.531945200509362]}"
780,68,424,380,187,150,6,"{""type"":""Point"",""coordinates"":[73.50388874906224,18.53194595055016]}"
781,68,399,381,195,156,6,"{""type"":""Point"",""coordinates"":[73.50398346679297,18.531946700543507]}"
782,57,399,406,195,154,6,"{""type"":""Point"",""coordinates"":[73.50407818452824,18.53194745048942]}"
783,57,405,397,192,146,6,"{""type"":""Point"",""coordinates"":[73.50417290226802,18.531948200387884]}"
784,63,407,401,190,145,6,"{""type"":""Point"",""coordinates"":[73.50426762001233,18.531948950238906]}"
785,63,421,393,196,145,6,"{""type"":""Point"",""coordinates"":[73.50436233776115,18.531949700042485]}"
786,64,422,413,199,154,6,"{""type"":""Point"",""coordinates"":[73.50445705551452,18.531950449798618]}"
787,64,413,410,194,151,6,"{""type"":""Point"",""coordinates"":[73.5045517732724,18.53195119950731]}"
788,58,417,396,200,163,6,"{""type"":""Point"",""coordinates"":[73.50464649103479,18.531951949168562]}"
789,58,421,413,201,162,6,"{""type"":""Point"",""coordinates"":[73.50474120880172,18.531952698782366]}"
790,63,425,415,199,141,6,"{""type"":""Point"",""coordinates"":[73.50483592657316,18.53195344834873]}"
791,63,421,415,202,159,6,"{""type"":""Point"",""coordinates"":[73.50493064434913,18.53195419786765]}"
792,70,396,396,185,155,6,"{""type"":""Point"",""coordinates"":[73.50379481765466,18.53185485011338]}"
793,68,413,390,186,149,6,"{""type"":""Point"",""coordinates"":[73.50388953533115,18.53185560015026]}"
794,68,405,393,197,150,6,"{""type"":""Point"",""coordinates"":[73.50398425301215,18.531856350139694]}"
795,57,407,406,203,152,6,"{""type"":""Point"",""coordinates"":[73.50407897069766,18.531857100081687]}"
796,57,379,408,200,150,6,"{""type"":""Point"",""coordinates"":[73.50417368838772,18.53185784997624]}"
797,63,403,390,187,148,6,"{""type"":""Point"",""coordinates"":[73.50426840608229,18.531858599823348]}"
798,63,401,404,195,149,6,"{""type"":""Point"",""coordinates"":[73.50436312378139,18.531859349623012]}"
799,64,413,416,201,152,6,"{""type"":""Point"",""coordinates"":[73.50445784148502,18.531860099375237]}"
800,64,418,399,201,152,6,"{""type"":""Point"",""coordinates"":[73.50455255919316,18.53186084908001]}"
801,58,428,396,208,155,6,"{""type"":""Point"",""coordinates"":[73.50464727690583,18.531861598737347]}"
802,58,418,408,199,156,6,"{""type"":""Point"",""coordinates"":[73.50474199462302,18.531862348347243]}"
803,63,418,405,196,149,6,"{""type"":""Point"",""coordinates"":[73.50483671234473,18.531863097909692]}"
804,63,407,409,196,158,6,"{""type"":""Point"",""coordinates"":[73.50493143007097,18.5318638474247]}"
805,62,405,426,197,153,6,"{""type"":""Point"",""coordinates"":[73.50379560396877,18.53176449971649]}"
806,61,389,414,198,144,6,"{""type"":""Point"",""coordinates"":[73.50389032159552,18.53176524974946]}"
807,61,391,421,182,145,6,"{""type"":""Point"",""coordinates"":[73.50398503922679,18.531765999734983]}"
808,58,396,394,194,154,6,"{""type"":""Point"",""coordinates"":[73.50407975686258,18.531766749673057]}"
809,58,393,391,190,157,6,"{""type"":""Point"",""coordinates"":[73.50417447450289,18.531767499563692]}"
810,63,401,404,180,152,6,"{""type"":""Point"",""coordinates"":[73.50426919214773,18.531768249406888]}"
811,63,413,406,195,150,6,"{""type"":""Point"",""coordinates"":[73.5043639097971,18.531768999202637]}"
812,70,422,406,200,155,6,"{""type"":""Point"",""coordinates"":[73.50445862745099,18.531769748950946]}"
813,70,428,420,195,151,6,"{""type"":""Point"",""coordinates"":[73.5045533451094,18.531770498651813]}"
814,67,425,418,201,152,6,"{""type"":""Point"",""coordinates"":[73.50464806277233,18.531771248305233]}"
815,67,415,401,187,159,6,"{""type"":""Point"",""coordinates"":[73.5047427804398,18.531771997911214]}"
816,60,418,393,197,150,6,"{""type"":""Point"",""coordinates"":[73.50483749811177,18.53177274746975]}"
817,60,409,420,194,153,6,"{""type"":""Point"",""coordinates"":[73.50493221578827,18.531773496980843]}"
818,62,416,396,205,149,6,"{""type"":""Point"",""coordinates"":[73.50379639027837,18.531674149318718]}"
819,61,377,402,193,148,6,"{""type"":""Point"",""coordinates"":[73.50389110785537,18.531674899347767]}"
820,61,399,390,185,148,6,"{""type"":""Point"",""coordinates"":[73.5039858254369,18.531675649329372]}"
821,58,383,394,197,156,6,"{""type"":""Point"",""coordinates"":[73.50408054302297,18.53167639926354]}"
822,58,393,390,197,157,6,"{""type"":""Point"",""coordinates"":[73.50417526061355,18.53167714915026]}"
823,63,399,409,188,155,6,"{""type"":""Point"",""coordinates"":[73.50426997820865,18.53167789898954]}"
824,63,424,402,199,155,6,"{""type"":""Point"",""coordinates"":[73.50436469580829,18.531678648781376]}"
825,70,417,408,199,156,6,"{""type"":""Point"",""coordinates"":[73.50445941341245,18.531679398525768]}"
826,70,421,401,196,149,6,"{""type"":""Point"",""coordinates"":[73.50455413102112,18.531680148222723]}"
827,67,450,401,197,152,6,"{""type"":""Point"",""coordinates"":[73.50464884863433,18.53168089787223]}"
828,67,443,408,192,163,6,"{""type"":""Point"",""coordinates"":[73.50474356625206,18.531681647474297]}"
829,60,389,406,203,156,6,"{""type"":""Point"",""coordinates"":[73.5048382838743,18.531682397028924]}"
830,60,418,409,200,154,6,"{""type"":""Point"",""coordinates"":[73.50493300150106,18.531683146536103]}"
831,58,407,394,207,158,6,"{""type"":""Point"",""coordinates"":[73.50379717658342,18.53158379892005]}"
832,61,399,386,195,158,6,"{""type"":""Point"",""coordinates"":[73.50389189411068,18.531584548945183]}"
833,61,405,390,194,154,6,"{""type"":""Point"",""coordinates"":[73.5039866116425,18.531585298922874]}"
834,66,388,399,202,155,6,"{""type"":""Point"",""coordinates"":[73.50408132917883,18.531586048853125]}"
835,66,393,396,205,166,6,"{""type"":""Point"",""coordinates"":[73.50417604671968,18.531586798735933]}"
836,63,410,399,203,157,6,"{""type"":""Point"",""coordinates"":[73.50427076426504,18.5315875485713]}"
837,63,413,393,210,156,6,"{""type"":""Point"",""coordinates"":[73.50436548181496,18.531588298359218]}"
838,61,404,408,199,150,6,"{""type"":""Point"",""coordinates"":[73.50446019936938,18.5315890480997]}"
839,61,399,413,197,146,6,"{""type"":""Point"",""coordinates"":[73.50455491692833,18.53158979779274]}"
840,67,401,389,203,156,6,"{""type"":""Point"",""coordinates"":[73.5046496344918,18.531590547438338]}"
841,67,393,410,206,162,6,"{""type"":""Point"",""coordinates"":[73.50474435205979,18.53159129703649]}"
842,60,421,413,196,156,6,"{""type"":""Point"",""coordinates"":[73.5048390696323,18.5315920465872]}"
843,60,390,396,196,151,6,"{""type"":""Point"",""coordinates"":[73.50493378720934,18.531592796090468]}"
844,60,429,400,189,156,6,"{""type"":""Point"",""coordinates"":[73.50483985538578,18.531501696144577]}"
845,60,398,415,197,146,6,"{""type"":""Point"",""coordinates"":[73.50493457291309,18.531502445643934]}"
846,70,381,359,178,99,6,"{""type"":""Point"",""coordinates"":[73.5083876237246,18.504693738725145]}"
847,70,373,373,178,103,6,"{""type"":""Point"",""coordinates"":[73.50838840639335,18.504603387879232]}"
848,68,359,369,178,102,6,"{""type"":""Point"",""coordinates"":[73.50848310927128,18.504604134554942]}"
849,68,381,363,180,103,6,"{""type"":""Point"",""coordinates"":[73.50857781215373,18.504604881183283]}"
850,67,390,359,177,109,6,"{""type"":""Point"",""coordinates"":[73.50867251504071,18.504605627764256]}"
851,67,398,378,199,109,6,"{""type"":""Point"",""coordinates"":[73.50876721793217,18.504606374297865]}"
852,71,397,381,181,118,6,"{""type"":""Point"",""coordinates"":[73.50886192082815,18.504607120784097]}"
853,71,387,373,177,103,6,"{""type"":""Point"",""coordinates"":[73.5083891890576,18.504513037032428]}"
854,71,377,359,175,102,6,"{""type"":""Point"",""coordinates"":[73.50848389188587,18.504513783704237]}"
855,71,395,378,174,104,6,"{""type"":""Point"",""coordinates"":[73.50857859471868,18.504514530328674]}"
856,72,401,365,181,112,6,"{""type"":""Point"",""coordinates"":[73.508673297556,18.504515276905742]}"
857,72,409,381,193,112,6,"{""type"":""Point"",""coordinates"":[73.50876800039782,18.504516023435446]}"
858,69,387,387,183,119,6,"{""type"":""Point"",""coordinates"":[73.50886270324415,18.50451676991778]}"
859,71,385,378,186,101,6,"{""type"":""Point"",""coordinates"":[73.50838997171732,18.50442268618473]}"
860,71,382,375,181,106,6,"{""type"":""Point"",""coordinates"":[73.50848467449596,18.504423432852633]}"
861,71,405,376,175,107,6,"{""type"":""Point"",""coordinates"":[73.50857937727913,18.50442417947317]}"
862,72,401,381,193,115,6,"{""type"":""Point"",""coordinates"":[73.5086740800668,18.50442492604634]}"
863,72,397,392,200,118,6,"{""type"":""Point"",""coordinates"":[73.50876878285897,18.50442567257214]}"
864,69,390,390,192,121,6,"{""type"":""Point"",""coordinates"":[73.50886348565565,18.50442641905057]}"
865,196,560,582,420,502,6,"{""type"":""Point"",""coordinates"":[73.8541659689608,18.537015569905286]}"
866,196,528,561,397,484,6,"{""type"":""Point"",""coordinates"":[73.85426070291074,18.537016144478645]}"
867,203,538,555,394,476,6,"{""type"":""Point"",""coordinates"":[73.85435543686415,18.53701671900452]}"
868,203,545,591,384,487,6,"{""type"":""Point"",""coordinates"":[73.85445017082104,18.537017293482915]}"
869,207,522,561,396,477,6,"{""type"":""Point"",""coordinates"":[73.85454490478139,18.537017867913832]}"
870,187,569,609,428,510,6,"{""type"":""Point"",""coordinates"":[73.85416657134894,18.536925206746446]}"
871,187,535,579,409,488,6,"{""type"":""Point"",""coordinates"":[73.85426130524911,18.53692578131681]}"
872,199,544,566,394,468,6,"{""type"":""Point"",""coordinates"":[73.85435603915276,18.536926355839686]}"
873,199,544,568,376,453,6,"{""type"":""Point"",""coordinates"":[73.85445077305985,18.536926930315083]}"
874,187,509,555,391,458,6,"{""type"":""Point"",""coordinates"":[73.85454550697042,18.536927504742994]}"
875,187,577,591,428,497,6,"{""type"":""Point"",""coordinates"":[73.85416717373361,18.53683484358672]}"
876,187,550,576,412,490,6,"{""type"":""Point"",""coordinates"":[73.85426190758402,18.536835418154084]}"
877,199,554,576,397,480,6,"{""type"":""Point"",""coordinates"":[73.85435664143787,18.536835992673964]}"
878,199,539,572,379,473,6,"{""type"":""Point"",""coordinates"":[73.8544513752952,18.536836567146363]}"
879,187,531,579,382,477,6,"{""type"":""Point"",""coordinates"":[73.85454610915599,18.536837141571276]}"
880,208,574,582,414,527,6,"{""type"":""Point"",""coordinates"":[73.85789721650858,18.531525781654906]}"
881,206,545,570,416,513,3,"{""type"":""Point"",""coordinates"":[73.85799194755761,18.531526354194096]}"
882,206,539,564,416,488,3,"{""type"":""Point"",""coordinates"":[73.85808667861009,18.53152692668582]}"
883,201,548,554,406,498,3,"{""type"":""Point"",""coordinates"":[73.85818140966603,18.531527499130075]}"
884,201,535,560,389,499,3,"{""type"":""Point"",""coordinates"":[73.85827614072544,18.53152807152686]}"
885,215,534,564,398,513,3,"{""type"":""Point"",""coordinates"":[73.85837087178828,18.531528643876186]}"
886,215,539,547,377,535,3,"{""type"":""Point"",""coordinates"":[73.85846560285458,18.531529216178033]}"
887,259,531,557,401,532,3,"{""type"":""Point"",""coordinates"":[73.85856033392433,18.531529788432422]}"
888,259,533,541,421,514,3,"{""type"":""Point"",""coordinates"":[73.85865506499754,18.531530360639337]}"
889,277,545,550,403,497,2,"{""type"":""Point"",""coordinates"":[73.85874979607419,18.531530932798788]}"
890,208,545,583,409,481,6,"{""type"":""Point"",""coordinates"":[73.85789781674465,18.53143541832548]}"
891,206,542,571,416,491,3,"{""type"":""Point"",""coordinates"":[73.85799254774392,18.53143599086168]}"
892,206,554,574,407,482,3,"{""type"":""Point"",""coordinates"":[73.85808727874665,18.531436563350418]}"
893,201,578,569,399,476,3,"{""type"":""Point"",""coordinates"":[73.85818200975282,18.531437135791684]}"
894,201,566,569,399,478,3,"{""type"":""Point"",""coordinates"":[73.85827674076246,18.531437708185482]}"
895,215,546,571,400,476,3,"{""type"":""Point"",""coordinates"":[73.85837147177554,18.531438280531816]}"
896,215,529,553,396,480,3,"{""type"":""Point"",""coordinates"":[73.85846620279209,18.531438852830682]}"
897,259,541,550,408,491,3,"{""type"":""Point"",""coordinates"":[73.85856093381207,18.53143942508208]}"
898,259,537,564,418,497,3,"{""type"":""Point"",""coordinates"":[73.85865566483552,18.531439997286007]}"
899,277,537,581,399,486,2,"{""type"":""Point"",""coordinates"":[73.85875039586243,18.53144056944247]}"
900,223,524,577,414,490,6,"{""type"":""Point"",""coordinates"":[73.85789841697726,18.531345054995178]}"
901,235,561,577,418,501,6,"{""type"":""Point"",""coordinates"":[73.85799314792678,18.531345627528392]}"
902,235,554,574,412,513,6,"{""type"":""Point"",""coordinates"":[73.85808787887974,18.531346200014138]}"
903,213,534,573,402,520,3,"{""type"":""Point"",""coordinates"":[73.85818260983618,18.53134677245242]}"
904,213,558,585,405,511,3,"{""type"":""Point"",""coordinates"":[73.85827734079604,18.53134734484323]}"
905,194,534,585,410,509,3,"{""type"":""Point"",""coordinates"":[73.85837207175938,18.531347917186576]}"
906,194,541,571,405,491,3,"{""type"":""Point"",""coordinates"":[73.85846680272616,18.53134848948245]}"
907,203,545,565,408,482,3,"{""type"":""Point"",""coordinates"":[73.85856153369639,18.531349061730864]}"
908,203,547,549,404,474,3,"{""type"":""Point"",""coordinates"":[73.85865626467006,18.531349633931804]}"
909,205,533,555,395,467,3,"{""type"":""Point"",""coordinates"":[73.8587509956472,18.531350206085282]}"
910,223,557,564,418,515,6,"{""type"":""Point"",""coordinates"":[73.85789901720642,18.531254691664003]}"
911,235,551,576,418,512,6,"{""type"":""Point"",""coordinates"":[73.85799374810618,18.531255264194225]}"
912,235,550,583,410,501,6,"{""type"":""Point"",""coordinates"":[73.85808847900938,18.531255836676984]}"
913,213,527,591,409,495,3,"{""type"":""Point"",""coordinates"":[73.85818320991605,18.53125640911227]}"
914,213,561,580,407,494,3,"{""type"":""Point"",""coordinates"":[73.85827794082616,18.531256981500093]}"
915,194,577,578,416,505,3,"{""type"":""Point"",""coordinates"":[73.85837267173973,18.531257553840447]}"
916,194,548,571,405,500,3,"{""type"":""Point"",""coordinates"":[73.85846740265676,18.531258126133338]}"
917,203,527,578,405,485,3,"{""type"":""Point"",""coordinates"":[73.85856213357722,18.53125869837876]}"
918,203,543,577,401,488,3,"{""type"":""Point"",""coordinates"":[73.85865686450114,18.531259270576715]}"
919,205,525,568,404,485,3,"{""type"":""Point"",""coordinates"":[73.85875159542853,18.531259842727202]}"
920,196,547,583,430,497,6,"{""type"":""Point"",""coordinates"":[73.85789961743214,18.531164328331936]}"
921,200,551,585,425,507,6,"{""type"":""Point"",""coordinates"":[73.85799434828212,18.531164900859167]}"
922,200,551,569,418,503,6,"{""type"":""Point"",""coordinates"":[73.85808907913557,18.531165473338937]}"
923,184,549,580,416,485,3,"{""type"":""Point"",""coordinates"":[73.85818380999247,18.53116604577124]}"
924,184,580,594,417,486,3,"{""type"":""Point"",""coordinates"":[73.85827854085284,18.53116661815607]}"
925,210,594,576,420,491,3,"{""type"":""Point"",""coordinates"":[73.85837327171663,18.531167190493445]}"
926,210,573,576,403,495,3,"{""type"":""Point"",""coordinates"":[73.8584680025839,18.531167762783344]}"
927,216,560,574,407,483,3,"{""type"":""Point"",""coordinates"":[73.85856273345463,18.531168335025775]}"
928,216,547,571,398,483,3,"{""type"":""Point"",""coordinates"":[73.85865746432879,18.531168907220746]}"
929,209,567,575,408,487,3,"{""type"":""Point"",""coordinates"":[73.8587521952064,18.53116947936825]}"
930,196,536,595,423,529,6,"{""type"":""Point"",""coordinates"":[73.85790021765438,18.531073964998992]}"
931,200,549,595,417,516,6,"{""type"":""Point"",""coordinates"":[73.85799494845462,18.531074537523235]}"
932,200,570,591,415,517,6,"{""type"":""Point"",""coordinates"":[73.8580896792583,18.531075110000018]}"
933,184,559,589,418,514,3,"{""type"":""Point"",""coordinates"":[73.85818441006545,18.53107568242933]}"
934,184,560,594,420,532,3,"{""type"":""Point"",""coordinates"":[73.85827914087604,18.531076254811172]}"
935,210,573,570,412,486,3,"{""type"":""Point"",""coordinates"":[73.85837387169009,18.531076827145554]}"
936,210,573,565,407,484,3,"{""type"":""Point"",""coordinates"":[73.8584686025076,18.53107739943247]}"
937,216,560,567,407,497,3,"{""type"":""Point"",""coordinates"":[73.85856333332856,18.531077971671916]}"
938,216,550,575,410,503,3,"{""type"":""Point"",""coordinates"":[73.85865806415298,18.5310785438639]}"
939,209,554,571,413,491,3,"{""type"":""Point"",""coordinates"":[73.85875279498083,18.531079116008407]}"
940,76,452,454,245,201,6,"{""type"":""Point"",""coordinates"":[73.48722024904423,18.671050978764615]}"
941,76,466,462,250,201,6,"{""type"":""Point"",""coordinates"":[73.48731504300956,18.671051742591068]}"
942,76,446,469,244,201,6,"{""type"":""Point"",""coordinates"":[73.48740983697947,18.6710525063697]}"
943,78,456,462,250,201,6,"{""type"":""Point"",""coordinates"":[73.48750463095399,18.671053270100504]}"
944,78,461,434,255,200,6,"{""type"":""Point"",""coordinates"":[73.48759942493308,18.671054033783488]}"
945,80,474,462,248,200,6,"{""type"":""Point"",""coordinates"":[73.48769421891676,18.67105479741865]}"
946,80,469,455,246,199,6,"{""type"":""Point"",""coordinates"":[73.48778901290504,18.67105556100599]}"
947,74,454,436,253,198,6,"{""type"":""Point"",""coordinates"":[73.4878838068979,18.6710563245455]}"
948,76,463,464,252,201,6,"{""type"":""Point"",""coordinates"":[73.48722105047753,18.670960630390958]}"
949,77,474,450,252,201,6,"{""type"":""Point"",""coordinates"":[73.4873158443927,18.67096139421345]}"
950,77,455,469,255,201,6,"{""type"":""Point"",""coordinates"":[73.48741063831243,18.670962157988118]}"
951,83,455,466,252,201,6,"{""type"":""Point"",""coordinates"":[73.48750543223677,18.670962921714967]}"
952,83,463,450,245,200,6,"{""type"":""Point"",""coordinates"":[73.4876002261657,18.67096368539399]}"
953,82,479,466,251,200,6,"{""type"":""Point"",""coordinates"":[73.48769502009921,18.670964449025185]}"
954,82,438,465,250,199,6,"{""type"":""Point"",""coordinates"":[73.4877898140373,18.67096521260856]}"
955,80,454,449,254,198,6,"{""type"":""Point"",""coordinates"":[73.48788460797998,18.670965976144114]}"
956,76,469,469,257,201,6,"{""type"":""Point"",""coordinates"":[73.48722185190626,18.6708702820164]}"
957,77,463,462,235,201,6,"{""type"":""Point"",""coordinates"":[73.48731664577124,18.670871045834932]}"
958,77,466,459,255,200,6,"{""type"":""Point"",""coordinates"":[73.48741143964082,18.67087180960564]}"
959,83,481,441,247,200,6,"{""type"":""Point"",""coordinates"":[73.48750623351498,18.670872573328523]}"
960,83,456,455,245,200,6,"{""type"":""Point"",""coordinates"":[73.48760102739374,18.670873337003584]}"
961,82,435,473,240,200,6,"{""type"":""Point"",""coordinates"":[73.48769582127707,18.670874100630826]}"
962,82,440,462,242,199,6,"{""type"":""Point"",""coordinates"":[73.487790615165,18.67087486421024]}"
963,80,454,455,243,198,6,"{""type"":""Point"",""coordinates"":[73.4878854090575,18.670875627741832]}"
964,76,480,456,261,201,6,"{""type"":""Point"",""coordinates"":[73.4872226533304,18.670779933640947]}"
965,75,488,467,247,201,6,"{""type"":""Point"",""coordinates"":[73.48731744714522,18.670780697455513]}"
966,75,452,459,265,200,6,"{""type"":""Point"",""coordinates"":[73.4874122409646,18.670781461222262]}"
967,78,463,466,262,200,6,"{""type"":""Point"",""coordinates"":[73.48750703478859,18.670782224941185]}"
968,78,449,457,242,200,6,"{""type"":""Point"",""coordinates"":[73.48760182861719,18.670782988612284]}"
969,74,430,465,251,200,6,"{""type"":""Point"",""coordinates"":[73.48769662245034,18.670783752235565]}"
970,74,438,459,253,199,6,"{""type"":""Point"",""coordinates"":[73.4877914162881,18.670784515811018]}"
971,77,460,459,242,198,6,"{""type"":""Point"",""coordinates"":[73.48788621013044,18.670785279338652]}"
972,85,480,465,269,209,6,"{""type"":""Point"",""coordinates"":[73.48807472572078,18.638801125866554]}"
973,84,472,462,258,209,6,"{""type"":""Point"",""coordinates"":[73.48816950182015,18.63880188799257]}"
974,84,484,468,259,202,6,"{""type"":""Point"",""coordinates"":[73.48826427792412,18.63880265007086]}"
975,84,481,491,275,202,6,"{""type"":""Point"",""coordinates"":[73.48835905403267,18.63880341210141]}"
976,84,465,484,274,199,6,"{""type"":""Point"",""coordinates"":[73.4884538301458,18.638804174084225]}"
977,81,471,491,271,197,6,"{""type"":""Point"",""coordinates"":[73.4885486062635,18.638804936019305]}"
978,81,497,490,271,197,6,"{""type"":""Point"",""coordinates"":[73.4886433823858,18.638805697906648]}"
979,85,487,458,271,211,6,"{""type"":""Point"",""coordinates"":[73.48807552521617,18.638710777147526]}"
980,84,494,462,266,205,6,"{""type"":""Point"",""coordinates"":[73.48817030126548,18.63871153926959]}"
981,84,469,474,265,200,6,"{""type"":""Point"",""coordinates"":[73.48826507731938,18.638712301343915]}"
982,84,472,465,265,201,6,"{""type"":""Point"",""coordinates"":[73.48835985337786,18.63871306337051]}"
983,84,479,470,270,200,6,"{""type"":""Point"",""coordinates"":[73.48845462944092,18.638713825349363]}"
984,81,455,486,270,201,6,"{""type"":""Point"",""coordinates"":[73.48854940550856,18.638714587280486]}"
985,81,473,482,268,198,6,"{""type"":""Point"",""coordinates"":[73.48864418158078,18.638715349163878]}"
986,80,495,474,261,210,6,"{""type"":""Point"",""coordinates"":[73.48807632470698,18.6386204284276]}"
987,86,495,458,266,204,6,"{""type"":""Point"",""coordinates"":[73.48817110070623,18.638621190545706]}"
988,86,472,469,272,199,6,"{""type"":""Point"",""coordinates"":[73.48826587671006,18.638621952616074]}"
989,84,463,472,259,199,6,"{""type"":""Point"",""coordinates"":[73.48836065271846,18.638622714638707]}"
990,84,481,468,245,202,6,"{""type"":""Point"",""coordinates"":[73.48845542873144,18.638623476613606]}"
991,79,475,484,265,206,6,"{""type"":""Point"",""coordinates"":[73.48855020474903,18.63862423854077]}"
992,79,473,479,274,208,6,"{""type"":""Point"",""coordinates"":[73.48864498077117,18.638625000420202]}"
993,80,481,481,251,210,6,"{""type"":""Point"",""coordinates"":[73.48807712419323,18.638530079706776]}"
994,86,494,478,273,208,6,"{""type"":""Point"",""coordinates"":[73.48817190014239,18.63853084182092]}"
995,86,492,481,263,200,6,"{""type"":""Point"",""coordinates"":[73.48826667609613,18.63853160388733]}"
996,84,483,481,260,197,6,"{""type"":""Point"",""coordinates"":[73.48836145205448,18.638532365906006]}"
997,84,493,491,247,206,6,"{""type"":""Point"",""coordinates"":[73.48845622801741,18.638533127876943]}"
998,79,487,493,263,212,6,"{""type"":""Point"",""coordinates"":[73.48855100398491,18.638533889800154]}"
999,79,485,477,268,209,6,"{""type"":""Point"",""coordinates"":[73.48864577995698,18.638534651675627]}"
1000,73,333,369,174,98,6,"{""type"":""Point"",""coordinates"":[73.40008134505143,18.632561448696116]}"
1001,73,337,354,183,95,6,"{""type"":""Point"",""coordinates"":[73.40017611371631,18.632562254908038]}"
1002,67,310,343,183,93,6,"{""type"":""Point"",""coordinates"":[73.40027088238604,18.63256306107225]}"
1003,67,333,363,185,85,6,"{""type"":""Point"",""coordinates"":[73.40036565106061,18.632563867188754]}"
1004,66,333,346,182,85,6,"{""type"":""Point"",""coordinates"":[73.40046041974006,18.632564673257544]}"
1005,66,339,347,182,84,6,"{""type"":""Point"",""coordinates"":[73.40055518842432,18.632565479278625]}"
1006,54,338,352,190,83,6,"{""type"":""Point"",""coordinates"":[73.40064995711344,18.632566285251997]}"
1007,71,333,365,161,97,6,"{""type"":""Point"",""coordinates"":[73.40008219076151,18.63247110370661]}"
1008,71,352,321,179,98,6,"{""type"":""Point"",""coordinates"":[73.40017695937634,18.632471909914347]}"
1009,70,336,337,186,96,6,"{""type"":""Point"",""coordinates"":[73.40027172799603,18.63247271607437]}"
1010,70,345,365,180,93,6,"{""type"":""Point"",""coordinates"":[73.40036649662058,18.632473522186686]}"
1011,61,343,349,177,91,6,"{""type"":""Point"",""coordinates"":[73.40046126524996,18.632474328251288]}"
1012,61,341,355,182,97,6,"{""type"":""Point"",""coordinates"":[73.4005560338842,18.632475134268184]}"
1013,51,334,342,180,95,6,"{""type"":""Point"",""coordinates"":[73.40065080252326,18.632475940237363]}"
1014,71,361,354,182,103,6,"{""type"":""Point"",""coordinates"":[73.40008303646673,18.632380758716206]}"
1015,71,366,344,183,96,6,"{""type"":""Point"",""coordinates"":[73.40017780503152,18.63238156491975]}"
1016,70,333,349,185,101,6,"{""type"":""Point"",""coordinates"":[73.40027257360117,18.632382371075586]}"
1017,70,323,352,180,100,6,"{""type"":""Point"",""coordinates"":[73.40036734217567,18.63238317718371]}"
1018,61,373,357,178,97,6,"{""type"":""Point"",""coordinates"":[73.40046211075502,18.63238398324412]}"
1019,61,344,364,186,103,6,"{""type"":""Point"",""coordinates"":[73.40055687933919,18.63238478925683]}"
1020,51,322,354,171,101,6,"{""type"":""Point"",""coordinates"":[73.40065164792824,18.632385595221827]}"
1021,71,350,359,192,102,6,"{""type"":""Point"",""coordinates"":[73.40008388216711,18.632290413724895]}"
1022,71,358,361,186,104,6,"{""type"":""Point"",""coordinates"":[73.40017865068187,18.63229121992425]}"
1023,65,353,361,178,105,6,"{""type"":""Point"",""coordinates"":[73.40027341920147,18.6322920260759]}"
1024,65,347,357,186,97,6,"{""type"":""Point"",""coordinates"":[73.4003681877259,18.632292832179836]}"
1025,65,335,365,185,97,6,"{""type"":""Point"",""coordinates"":[73.40046295625521,18.632293638236064]}"
1026,65,329,365,178,104,6,"{""type"":""Point"",""coordinates"":[73.40055772478937,18.632294444244582]}"
1027,66,321,364,170,100,6,"{""type"":""Point"",""coordinates"":[73.40065249332837,18.63229525020539]}"
1028,58,338,334,173,117,6,"{""type"":""Point"",""coordinates"":[73.46579082015404,18.53408002771195]}"
1029,58,360,330,169,116,6,"{""type"":""Point"",""coordinates"":[73.46588553738543,18.534080796885068]}"
1030,55,356,361,167,116,6,"{""type"":""Point"",""coordinates"":[73.46598025462146,18.53408156601073]}"
1031,55,351,341,167,114,6,"{""type"":""Point"",""coordinates"":[73.46607497186213,18.534082335088957]}"
1032,54,373,349,168,111,6,"{""type"":""Point"",""coordinates"":[73.46616968910745,18.534083104119727]}"
1033,54,368,330,178,107,6,"{""type"":""Point"",""coordinates"":[73.4662644063574,18.534083873103054]}"
1034,55,373,344,173,122,6,"{""type"":""Point"",""coordinates"":[73.46635912361198,18.53408464203894]}"
1035,55,349,334,157,121,6,"{""type"":""Point"",""coordinates"":[73.46645384087121,18.534085410927375]}"
1036,58,367,333,165,118,6,"{""type"":""Point"",""coordinates"":[73.46654855813509,18.534086179768366]}"
1037,58,373,343,176,116,6,"{""type"":""Point"",""coordinates"":[73.46579162653994,18.533989678930148]}"
1038,58,351,344,171,116,6,"{""type"":""Point"",""coordinates"":[73.46588634372158,18.533990448099246]}"
1039,47,349,351,158,116,6,"{""type"":""Point"",""coordinates"":[73.4659810609079,18.533991217220894]}"
1040,47,361,343,156,115,6,"{""type"":""Point"",""coordinates"":[73.46607577809883,18.533991986295103]}"
1041,47,353,346,164,114,6,"{""type"":""Point"",""coordinates"":[73.46617049529439,18.533992755321865]}"
1042,47,353,346,170,107,6,"{""type"":""Point"",""coordinates"":[73.46626521249462,18.533993524301177]}"
1043,51,356,343,163,102,6,"{""type"":""Point"",""coordinates"":[73.46635992969946,18.53399429323305]}"
1044,51,346,334,155,110,6,"{""type"":""Point"",""coordinates"":[73.46645464690896,18.533995062117473]}"
1045,55,360,326,165,118,6,"{""type"":""Point"",""coordinates"":[73.4665493641231,18.533995830954453]}"
1046,58,368,336,161,115,6,"{""type"":""Point"",""coordinates"":[73.46579243292119,18.533899330147452]}"
1047,58,360,338,180,115,6,"{""type"":""Point"",""coordinates"":[73.4658871500531,18.533900099312536]}"
1048,47,383,346,172,115,6,"{""type"":""Point"",""coordinates"":[73.46598186718967,18.533900868430173]}"
1049,47,367,343,163,115,6,"{""type"":""Point"",""coordinates"":[73.46607658433088,18.53390163750036]}"
1050,47,336,347,153,114,6,"{""type"":""Point"",""coordinates"":[73.4661713014767,18.53390240652311]}"
1051,47,338,353,157,112,6,"{""type"":""Point"",""coordinates"":[73.4662660186272,18.53390317549841]}"
1052,51,363,343,170,115,6,"{""type"":""Point"",""coordinates"":[73.46636073578232,18.533903944426267]}"
1053,51,356,330,166,107,6,"{""type"":""Point"",""coordinates"":[73.46645545294207,18.53390471330668]}"
1054,55,360,330,159,111,6,"{""type"":""Point"",""coordinates"":[73.46655017010646,18.53390548213964]}"
1055,56,359,325,173,115,6,"{""type"":""Point"",""coordinates"":[73.4657932392978,18.53380898136386]}"
1056,56,363,355,181,115,6,"{""type"":""Point"",""coordinates"":[73.46588795637999,18.533809750524924]}"
1057,37,363,337,166,115,6,"{""type"":""Point"",""coordinates"":[73.46598267346683,18.533810519638546]}"
1058,37,353,336,161,115,6,"{""type"":""Point"",""coordinates"":[73.46607739055828,18.533811288704726]}"
1059,46,338,341,159,115,6,"{""type"":""Point"",""coordinates"":[73.46617210765439,18.53381205772346]}"
1060,46,346,360,153,114,6,"{""type"":""Point"",""coordinates"":[73.46626682475514,18.533812826694746]}"
1061,49,368,346,161,120,6,"{""type"":""Point"",""coordinates"":[73.46636154186051,18.533813595618586]}"
1062,49,351,330,169,110,6,"{""type"":""Point"",""coordinates"":[73.46645625897054,18.533814364494987]}"
1063,44,356,343,165,113,6,"{""type"":""Point"",""coordinates"":[73.46655097608519,18.533815133323937]}"
1064,56,360,350,168,114,6,"{""type"":""Point"",""coordinates"":[73.46579404566978,18.53371863257936]}"
1065,56,348,353,163,114,6,"{""type"":""Point"",""coordinates"":[73.46588876270222,18.533719401736413]}"
1066,37,360,326,168,113,6,"{""type"":""Point"",""coordinates"":[73.46598347973932,18.533720170846024]}"
1067,37,361,346,166,113,6,"{""type"":""Point"",""coordinates"":[73.46607819678105,18.53372093990819]}"
1068,46,328,352,159,113,6,"{""type"":""Point"",""coordinates"":[73.46617291382742,18.533721708922908]}"
1069,46,353,338,156,111,6,"{""type"":""Point"",""coordinates"":[73.46626763087843,18.53372247789018]}"
1070,49,356,333,153,112,6,"{""type"":""Point"",""coordinates"":[73.46636234793408,18.53372324681001]}"
1071,49,330,333,166,111,6,"{""type"":""Point"",""coordinates"":[73.46645706499436,18.533724015682395]}"
1072,44,346,355,159,109,6,"{""type"":""Point"",""coordinates"":[73.46655178205928,18.533724784507335]}"
1073,55,361,360,163,114,6,"{""type"":""Point"",""coordinates"":[73.46579485203712,18.53362828379397]}"
1074,55,370,350,163,113,6,"{""type"":""Point"",""coordinates"":[73.46588956901984,18.53362905294701]}"
1075,44,356,343,159,112,6,"{""type"":""Point"",""coordinates"":[73.46598428600718,18.533629822052603]}"
1076,44,351,345,156,112,6,"{""type"":""Point"",""coordinates"":[73.4660790029992,18.53363059111075]}"
1077,47,348,343,153,112,6,"{""type"":""Point"",""coordinates"":[73.46617371999581,18.533631360121458]}"
1078,47,353,340,164,112,6,"{""type"":""Point"",""coordinates"":[73.46626843699708,18.53363212908472]}"
1079,54,351,345,164,113,6,"{""type"":""Point"",""coordinates"":[73.46636315400302,18.533632898000537]}"
1080,54,336,337,159,111,6,"{""type"":""Point"",""coordinates"":[73.46645787101356,18.533633666868905]}"
1081,48,353,356,167,112,6,"{""type"":""Point"",""coordinates"":[73.46655258802875,18.53363443568983]}"
1082,330,641,685,489,721,2,"{""type"":""Point"",""coordinates"":[73.73793756308524,18.702271620746632]}"
1083,330,655,691,502,730,2,"{""type"":""Point"",""coordinates"":[73.73803238452064,18.702272259025477]}"
1084,357,657,719,498,753,2,"{""type"":""Point"",""coordinates"":[73.73812720595984,18.702272897256396]}"
1085,357,657,705,500,780,2,"{""type"":""Point"",""coordinates"":[73.73822202740291,18.702273535439385]}"
1086,330,669,682,506,719,2,"{""type"":""Point"",""coordinates"":[73.73793823291874,18.702181263045368]}"
1087,330,650,697,509,746,2,"{""type"":""Point"",""coordinates"":[73.73803305430383,18.702181901320905]}"
1088,357,658,716,510,745,2,"{""type"":""Point"",""coordinates"":[73.73812787569275,18.70218253954852]}"
1089,357,666,712,506,728,2,"{""type"":""Point"",""coordinates"":[73.73822269708553,18.702183177728205]}"
1090,262,653,719,521,585,3,"{""type"":""Point"",""coordinates"":[73.73201996451121,18.64367691330315]}"
1091,402,615,682,509,591,3,"{""type"":""Point"",""coordinates"":[73.73211475315976,18.64367755264082]}"
1092,262,635,703,508,576,3,"{""type"":""Point"",""coordinates"":[73.7320206352211,18.64358655524597]}"
1093,402,612,685,521,592,3,"{""type"":""Point"",""coordinates"":[73.73211542381955,18.64358719458032]}"
1094,498,643,703,508,571,2,"{""type"":""Point"",""coordinates"":[73.73202130592716,18.643496197187908]}"
1095,358,691,702,521,697,2,"{""type"":""Point"",""coordinates"":[73.75361749682469,18.632797036940577]}"
1096,358,710,673,534,703,2,"{""type"":""Point"",""coordinates"":[73.75371228022738,18.6327976650367]}"
1097,358,674,700,515,690,2,"{""type"":""Point"",""coordinates"":[73.75361815569913,18.63270667802747]}"
1098,358,672,695,529,716,2,"{""type"":""Point"",""coordinates"":[73.75371293905175,18.632707306120334]}"
1099,331,677,692,514,667,2,"{""type"":""Point"",""coordinates"":[73.75361881456979,18.632616319113477]}"
1100,331,694,683,533,714,2,"{""type"":""Point"",""coordinates"":[73.75371359787233,18.632616947203076]}"
1101,331,709,703,514,665,2,"{""type"":""Point"",""coordinates"":[73.75361947343667,18.63252596019859]}"
1102,331,691,700,525,695,2,"{""type"":""Point"",""coordinates"":[73.75371425668915,18.63252658828492]}"
1103,291,697,684,525,688,2,"{""type"":""Point"",""coordinates"":[73.75362013229979,18.63243560128282]}"
1104,291,691,702,522,723,2,"{""type"":""Point"",""coordinates"":[73.7537149155022,18.63243622936589]}"
1105,101,503,492,300,255,6,"{""type"":""Point"",""coordinates"":[73.45720093503459,18.81365506826616]}"
1106,101,509,487,294,255,6,"{""type"":""Point"",""coordinates"":[73.45729580727378,18.813655852969884]}"
1107,102,498,505,297,247,6,"{""type"":""Point"",""coordinates"":[73.45739067951766,18.813656637625392]}"
1108,102,524,505,302,243,6,"{""type"":""Point"",""coordinates"":[73.45748555176623,18.813657422232687]}"
1109,102,513,507,308,254,6,"{""type"":""Point"",""coordinates"":[73.4575804240195,18.81365820679177]}"
1110,101,512,510,300,253,6,"{""type"":""Point"",""coordinates"":[73.45720175907655,18.813564722536327]}"
1111,101,512,499,305,230,6,"{""type"":""Point"",""coordinates"":[73.45729663126512,18.813565507236007]}"
1112,102,517,500,308,255,6,"{""type"":""Point"",""coordinates"":[73.45739150345837,18.813566291887472]}"
1113,102,522,513,300,251,6,"{""type"":""Point"",""coordinates"":[73.45748637565633,18.813567076490727]}"
1114,102,517,501,295,244,6,"{""type"":""Point"",""coordinates"":[73.45758124785897,18.813567861045765]}"
1115,102,536,484,302,245,6,"{""type"":""Point"",""coordinates"":[73.45767612006631,18.813568645552593]}"
1116,103,535,491,297,247,6,"{""type"":""Point"",""coordinates"":[73.45777099227834,18.813569430011214]}"
1117,103,504,484,291,251,6,"{""type"":""Point"",""coordinates"":[73.45786586449506,18.813570214421617]}"
1118,102,504,487,290,254,6,"{""type"":""Point"",""coordinates"":[73.45796073671647,18.813570998783806]}"
1119,102,522,484,279,250,6,"{""type"":""Point"",""coordinates"":[73.45805560894259,18.813571783097785]}"
1120,101,517,482,302,247,6,"{""type"":""Point"",""coordinates"":[73.45815048117338,18.81357256736355]}"
1121,101,504,491,288,248,6,"{""type"":""Point"",""coordinates"":[73.45824535340887,18.813573351581102]}"
1122,106,519,500,294,252,6,"{""type"":""Point"",""coordinates"":[73.45834022564905,18.813574135750446]}"
1123,106,519,495,293,251,6,"{""type"":""Point"",""coordinates"":[73.45843509789391,18.813574919871574]}"
1124,99,536,497,300,252,6,"{""type"":""Point"",""coordinates"":[73.45852997014346,18.81357570394449]}"
1125,101,505,501,290,242,6,"{""type"":""Point"",""coordinates"":[73.45720258311383,18.813474376805587]}"
1126,101,517,507,293,249,6,"{""type"":""Point"",""coordinates"":[73.45729745525178,18.813475161501227]}"
1127,102,528,505,297,238,6,"{""type"":""Point"",""coordinates"":[73.4573923273944,18.81347594614865]}"
1128,102,519,495,307,252,6,"{""type"":""Point"",""coordinates"":[73.45748719954173,18.813476730747862]}"
1129,101,524,486,298,232,6,"{""type"":""Point"",""coordinates"":[73.45758207169374,18.81347751529886]}"
1130,101,518,482,291,250,6,"{""type"":""Point"",""coordinates"":[73.45767694385046,18.813478299801645]}"
1131,102,503,482,302,249,6,"{""type"":""Point"",""coordinates"":[73.45777181601186,18.81347908425622]}"
1132,102,509,491,300,232,6,"{""type"":""Point"",""coordinates"":[73.45786668817796,18.813479868662583]}"
1133,101,505,489,287,235,6,"{""type"":""Point"",""coordinates"":[73.45796156034875,18.813480653020733]}"
1134,101,517,494,287,243,6,"{""type"":""Point"",""coordinates"":[73.45805643252423,18.81348143733067]}"
1135,102,518,489,301,246,6,"{""type"":""Point"",""coordinates"":[73.4581513047044,18.813482221592395]}"
1136,102,504,491,291,245,6,"{""type"":""Point"",""coordinates"":[73.45824617688926,18.813483005805907]}"
1137,104,522,486,300,244,6,"{""type"":""Point"",""coordinates"":[73.45834104907883,18.813483789971205]}"
1138,104,492,500,302,245,6,"{""type"":""Point"",""coordinates"":[73.45843592127306,18.813484574088292]}"
1139,97,529,504,300,248,6,"{""type"":""Point"",""coordinates"":[73.458530793472,18.81348535815717]}"
1140,101,498,501,296,262,6,"{""type"":""Point"",""coordinates"":[73.4572034071464,18.81338403107394]}"
1141,101,524,504,309,261,6,"{""type"":""Point"",""coordinates"":[73.45729827923373,18.81338481576553]}"
1142,102,523,504,308,255,6,"{""type"":""Point"",""coordinates"":[73.45739315132572,18.81338560040891]}"
1143,102,513,492,302,242,6,"{""type"":""Point"",""coordinates"":[73.45748802342244,18.81338638500408]}"
1144,101,511,495,291,233,6,"{""type"":""Point"",""coordinates"":[73.45758289552383,18.81338716955104]}"
1145,101,524,505,303,247,6,"{""type"":""Point"",""coordinates"":[73.4576777676299,18.813387954049784]}"
1146,102,517,510,301,253,6,"{""type"":""Point"",""coordinates"":[73.4577726397407,18.813388738500315]}"
1147,102,498,508,297,253,6,"{""type"":""Point"",""coordinates"":[73.45786751185616,18.813389522902632]}"
1148,101,511,498,290,250,6,"{""type"":""Point"",""coordinates"":[73.45796238397634,18.813390307256743]}"
1149,101,511,491,294,246,6,"{""type"":""Point"",""coordinates"":[73.45805725610118,18.813391091562636]}"
1150,102,504,486,294,245,6,"{""type"":""Point"",""coordinates"":[73.45815212823075,18.813391875820322]}"
1151,102,517,484,303,245,6,"{""type"":""Point"",""coordinates"":[73.45824700036498,18.81339266002979]}"
1152,104,517,487,310,243,6,"{""type"":""Point"",""coordinates"":[73.45834187250391,18.81339344419105]}"
1153,104,498,497,296,251,6,"{""type"":""Point"",""coordinates"":[73.45843674464753,18.8133942283041]}"
1154,97,537,497,291,244,6,"{""type"":""Point"",""coordinates"":[73.45853161679584,18.813395012368932]}"
1155,102,498,489,301,242,6,"{""type"":""Point"",""coordinates"":[73.45720423117429,18.81329368534138]}"
1156,102,517,494,293,241,6,"{""type"":""Point"",""coordinates"":[73.45729910321097,18.813294470028932]}"
1157,102,512,497,289,246,6,"{""type"":""Point"",""coordinates"":[73.45739397525237,18.81329525466827]}"
1158,102,517,497,307,232,6,"{""type"":""Point"",""coordinates"":[73.45748884729845,18.81329603925939]}"
1159,99,505,517,291,249,6,"{""type"":""Point"",""coordinates"":[73.45758371934922,18.81329682380231]}"
1160,99,504,486,305,254,6,"{""type"":""Point"",""coordinates"":[73.45767859140469,18.81329760829701]}"
1161,97,504,491,288,251,6,"{""type"":""Point"",""coordinates"":[73.45777346346485,18.813298392743498]}"
1162,97,500,508,290,252,6,"{""type"":""Point"",""coordinates"":[73.4578683355297,18.813299177141776]}"
1163,99,524,487,286,245,6,"{""type"":""Point"",""coordinates"":[73.45796320759924,18.813299961491843]}"
1164,99,524,491,290,241,6,"{""type"":""Point"",""coordinates"":[73.45805807967348,18.8133007457937]}"
1165,102,528,484,290,248,6,"{""type"":""Point"",""coordinates"":[73.4581529517524,18.81330153004734]}"
1166,102,528,497,302,243,6,"{""type"":""Point"",""coordinates"":[73.458247823836,18.813302314252773]}"
1167,101,528,491,296,244,6,"{""type"":""Point"",""coordinates"":[73.45834269592432,18.813303098409992]}"
1168,101,535,487,300,253,6,"{""type"":""Point"",""coordinates"":[73.45843756801732,18.813303882518998]}"
1169,94,522,491,309,228,6,"{""type"":""Point"",""coordinates"":[73.45853244011501,18.813304666579793]}"
1170,102,512,499,291,243,6,"{""type"":""Point"",""coordinates"":[73.45720505519748,18.813203339607917]}"
1171,102,492,495,287,244,6,"{""type"":""Point"",""coordinates"":[73.45729992718354,18.81320412429142]}"
1172,102,505,487,293,235,6,"{""type"":""Point"",""coordinates"":[73.45739479917431,18.813204908926718]}"
1173,102,537,501,300,236,6,"{""type"":""Point"",""coordinates"":[73.45748967116977,18.8132056935138]}"
1174,99,512,520,291,249,6,"{""type"":""Point"",""coordinates"":[73.45758454316992,18.813206478052674]}"
1175,99,513,498,283,253,6,"{""type"":""Point"",""coordinates"":[73.45767941517475,18.813207262543333]}"
1176,97,498,491,294,249,6,"{""type"":""Point"",""coordinates"":[73.4577742871843,18.81320804698578]}"
1177,97,509,487,268,244,6,"{""type"":""Point"",""coordinates"":[73.45786915919851,18.813208831380017]}"
1178,99,503,473,286,239,6,"{""type"":""Point"",""coordinates"":[73.45796403121744,18.81320961572604]}"
1179,99,485,504,298,239,6,"{""type"":""Point"",""coordinates"":[73.45805890324105,18.813210400023852]}"
1180,102,517,487,288,251,6,"{""type"":""Point"",""coordinates"":[73.45815377526935,18.813211184273456]}"
1181,102,518,484,297,235,6,"{""type"":""Point"",""coordinates"":[73.45824864730234,18.813211968474846]}"
1182,101,500,482,301,246,6,"{""type"":""Point"",""coordinates"":[73.45834351934003,18.813212752628022]}"
1183,101,522,497,293,252,6,"{""type"":""Point"",""coordinates"":[73.4584383913824,18.81321353673299]}"
1184,94,517,487,300,226,6,"{""type"":""Point"",""coordinates"":[73.45853326342946,18.813214320789747]}"
1185,102,499,513,296,245,6,"{""type"":""Point"",""coordinates"":[73.45720587921598,18.813112993873535]}"
1186,102,489,492,286,241,6,"{""type"":""Point"",""coordinates"":[73.45730075115142,18.813113778553]}"
1187,103,498,482,289,230,6,"{""type"":""Point"",""coordinates"":[73.45739562309156,18.81311456318425]}"
1188,103,503,480,300,230,6,"{""type"":""Point"",""coordinates"":[73.45749049503638,18.813115347767294]}"
1189,99,498,478,294,241,6,"{""type"":""Point"",""coordinates"":[73.45758536698591,18.813116132302124]}"
1190,99,506,482,282,242,6,"{""type"":""Point"",""coordinates"":[73.45768023894013,18.813116916788736]}"
1191,99,503,497,280,245,6,"{""type"":""Point"",""coordinates"":[73.45777511089905,18.813117701227146]}"
1192,99,504,486,287,242,6,"{""type"":""Point"",""coordinates"":[73.45786998286265,18.813118485617338]}"
1193,100,517,482,293,233,6,"{""type"":""Point"",""coordinates"":[73.45796485483096,18.813119269959323]}"
1194,100,511,484,294,248,6,"{""type"":""Point"",""coordinates"":[73.45805972680394,18.813120054253094]}"
1195,103,498,475,283,246,6,"{""type"":""Point"",""coordinates"":[73.4581545987816,18.81312083849866]}"
1196,103,492,486,291,237,6,"{""type"":""Point"",""coordinates"":[73.45824947076399,18.813121622696006]}"
1197,98,489,489,293,249,6,"{""type"":""Point"",""coordinates"":[73.45834434275103,18.813122406845142]}"
1198,98,529,495,308,243,6,"{""type"":""Point"",""coordinates"":[73.4584392147428,18.81312319094607]}"
1199,92,477,477,309,234,6,"{""type"":""Point"",""coordinates"":[73.45853408673923,18.813123974998785]}"
1200,102,499,485,290,243,6,"{""type"":""Point"",""coordinates"":[73.45720670322977,18.813022648138258]}"
1201,102,503,489,293,236,6,"{""type"":""Point"",""coordinates"":[73.4573015751146,18.813023432813676]}"
1202,103,506,470,286,234,6,"{""type"":""Point"",""coordinates"":[73.45739644700411,18.813024217440883]}"
1203,103,492,465,297,234,6,"{""type"":""Point"",""coordinates"":[73.45749131889833,18.81302500201988]}"
1204,99,492,492,287,236,6,"{""type"":""Point"",""coordinates"":[73.45758619079723,18.813025786550668]}"
1205,99,509,491,295,236,6,"{""type"":""Point"",""coordinates"":[73.45768106270083,18.813026571033244]}"
1206,99,523,482,295,237,6,"{""type"":""Point"",""coordinates"":[73.45777593460912,18.813027355467607]}"
1207,99,524,486,298,236,6,"{""type"":""Point"",""coordinates"":[73.4578708065221,18.813028139853763]}"
1208,100,503,491,293,234,6,"{""type"":""Point"",""coordinates"":[73.45796567843978,18.813028924191702]}"
1209,100,493,489,284,256,6,"{""type"":""Point"",""coordinates"":[73.45806055036213,18.813029708481434]}"
1210,103,492,457,284,240,6,"{""type"":""Point"",""coordinates"":[73.45815542228918,18.81303049272295]}"
1211,103,492,486,283,228,6,"{""type"":""Point"",""coordinates"":[73.45825029422095,18.81303127691626]}"
1212,98,492,497,284,223,6,"{""type"":""Point"",""coordinates"":[73.45834516615737,18.81303206106136]}"
1213,98,513,475,288,245,6,"{""type"":""Point"",""coordinates"":[73.4584400380985,18.813032845158244]}"
1214,92,500,476,291,240,6,"{""type"":""Point"",""coordinates"":[73.45853491004432,18.81303362920692]}"
1215,88,444,440,262,194,6,"{""type"":""Point"",""coordinates"":[73.42814303652334,18.775464730969023]}"
1216,88,466,420,255,189,6,"{""type"":""Point"",""coordinates"":[73.42823788605824,18.775465528888066]}"
1217,91,472,410,255,191,6,"{""type"":""Point"",""coordinates"":[73.42833273559795,18.775466326759005]}"
1218,91,462,423,248,190,6,"{""type"":""Point"",""coordinates"":[73.42842758514242,18.77546712458184]}"
1219,87,456,445,242,189,6,"{""type"":""Point"",""coordinates"":[73.42852243469166,18.775467922356572]}"
1220,87,437,458,245,189,6,"{""type"":""Point"",""coordinates"":[73.42861728424568,18.775468720083193]}"
1221,85,440,437,255,189,6,"{""type"":""Point"",""coordinates"":[73.42871213380448,18.775469517761714]}"
1222,85,462,431,243,189,6,"{""type"":""Point"",""coordinates"":[73.42880698336806,18.775470315392127]}"
1223,84,444,432,260,189,6,"{""type"":""Point"",""coordinates"":[73.42890183293642,18.775471112974436]}"
1224,84,444,435,260,189,6,"{""type"":""Point"",""coordinates"":[73.42899668250955,18.77547191050864]}"
1225,88,462,442,255,191,6,"{""type"":""Point"",""coordinates"":[73.42814387425031,18.77537438612267]}"
1226,88,462,467,255,190,6,"{""type"":""Point"",""coordinates"":[73.42823872373472,18.775375184037596]}"
1227,91,466,455,248,195,6,"{""type"":""Point"",""coordinates"":[73.42833357322391,18.77537598190442]}"
1228,91,454,445,242,189,6,"{""type"":""Point"",""coordinates"":[73.42842842271789,18.775376779723135]}"
1229,87,443,444,245,190,6,"{""type"":""Point"",""coordinates"":[73.42852327221662,18.775377577493746]}"
1230,87,437,440,250,188,6,"{""type"":""Point"",""coordinates"":[73.42861812172015,18.775378375216253]}"
1231,85,425,427,253,189,6,"{""type"":""Point"",""coordinates"":[73.42871297122845,18.775379172890656]}"
1232,85,412,432,248,189,6,"{""type"":""Point"",""coordinates"":[73.42880782074153,18.77537997051695]}"
1233,84,432,439,257,189,6,"{""type"":""Point"",""coordinates"":[73.42890267025938,18.775380768095143]}"
1234,84,456,453,257,189,6,"{""type"":""Point"",""coordinates"":[73.42899751978202,18.77538156562523]}"
1235,89,497,439,248,190,6,"{""type"":""Point"",""coordinates"":[73.42814471197251,18.77528404127542]}"
1236,89,479,432,258,191,6,"{""type"":""Point"",""coordinates"":[73.42823956140643,18.775284839186227]}"
1237,88,444,444,255,197,6,"{""type"":""Point"",""coordinates"":[73.4283344108451,18.77528563704893]}"
1238,88,456,440,243,192,6,"{""type"":""Point"",""coordinates"":[73.42842926028858,18.77528643486353]}"
1239,85,466,429,248,190,6,"{""type"":""Point"",""coordinates"":[73.42852410973683,18.775287232630024]}"
1240,85,440,427,253,188,6,"{""type"":""Point"",""coordinates"":[73.42861895918985,18.775288030348413]}"
1241,85,440,432,258,189,6,"{""type"":""Point"",""coordinates"":[73.42871380864764,18.7752888280187]}"
1242,85,456,431,255,189,6,"{""type"":""Point"",""coordinates"":[73.42880865811023,18.77528962564088]}"
1243,86,445,434,250,190,6,"{""type"":""Point"",""coordinates"":[73.42890350757757,18.775290423214955]}"
1244,86,462,454,248,190,6,"{""type"":""Point"",""coordinates"":[73.42899835704972,18.77529122074092]}"
1245,89,437,440,253,188,6,"{""type"":""Point"",""coordinates"":[73.42814554968992,18.775193696427262]}"
1246,89,470,440,257,193,6,"{""type"":""Point"",""coordinates"":[73.42824039907333,18.77519449433395]}"
1247,88,470,440,253,197,6,"{""type"":""Point"",""coordinates"":[73.42833524846152,18.77519529219253]}"
1248,88,462,435,235,191,6,"{""type"":""Point"",""coordinates"":[73.42843009785449,18.775196090003018]}"
1249,85,465,435,241,189,6,"{""type"":""Point"",""coordinates"":[73.42852494725224,18.775196887765393]}"
1250,85,448,434,248,189,6,"{""type"":""Point"",""coordinates"":[73.42861979665477,18.775197685479665]}"
1251,85,462,432,255,187,6,"{""type"":""Point"",""coordinates"":[73.42871464606208,18.77519848314583]}"
1252,85,456,424,253,187,6,"{""type"":""Point"",""coordinates"":[73.42880949547414,18.775199280763893]}"
1253,86,456,421,248,188,6,"{""type"":""Point"",""coordinates"":[73.428904344891,18.775200078333853]}"
1254,86,456,434,250,189,6,"{""type"":""Point"",""coordinates"":[73.42899919431264,18.775200875855706]}"
1255,90,473,427,264,187,6,"{""type"":""Point"",""coordinates"":[73.42814638740255,18.775103351578192]}"
1256,90,472,440,260,196,6,"{""type"":""Point"",""coordinates"":[73.42824123673546,18.77510414948076]}"
1257,90,476,445,267,195,6,"{""type"":""Point"",""coordinates"":[73.42833608607316,18.77510494733523]}"
1258,90,462,461,263,196,6,"{""type"":""Point"",""coordinates"":[73.42843093541562,18.77510574514159]}"
1259,90,454,453,253,188,6,"{""type"":""Point"",""coordinates"":[73.42852578476288,18.77510654289985]}"
1260,90,443,440,254,187,6,"{""type"":""Point"",""coordinates"":[73.42862063411489,18.775107340610003]}"
1261,89,430,445,248,187,6,"{""type"":""Point"",""coordinates"":[73.4287154834717,18.775108138272056]}"
1262,89,462,450,250,187,6,"{""type"":""Point"",""coordinates"":[73.42881033283328,18.775108935885996]}"
1263,89,456,443,250,187,6,"{""type"":""Point"",""coordinates"":[73.42890518219963,18.77510973345184]}"
1264,89,451,448,252,188,6,"{""type"":""Point"",""coordinates"":[73.42900003157077,18.775110530969577]}"
1265,89,443,450,245,187,6,"{""type"":""Point"",""coordinates"":[73.42900086882415,18.77502018608254]}"
